,sr,miu,irstp_consumption,irstp_damage,Utility 2105,Disutility 2105,Temperature overshoot 2105
0,0.19147137504698783,2065.0008638426816,0.00100000007586192,0.00822266061134473,10012.511144305456,17.329877745831386,6.0
1,0.22773606846932593,2119.679162186253,0.0010000002725646156,0.00210990732653154,10040.624893006245,30.029520262671284,7.0
2,0.24188884412923262,2177.476439547128,0.001000000000236261,0.004382733445898772,10054.781623571358,36.20546674126177,7.0
3,0.2376190935135138,2156.3347665976526,0.001000000848295137,0.008584825499621043,10053.151269225511,34.53934122997643,7.0
4,0.2312134662345712,2132.283502729618,0.0010000000037418584,0.0021311108023683474,10046.651811345037,31.99830436968247,7.0
5,0.23804919402263577,2157.8725459226803,0.0010000000623395387,0.002454851291400089,10053.365921435066,34.679811131624945,7.0
6,0.23329537908903578,2143.363168930788,0.0010000007257593255,0.0071081174555723756,10050.405269834791,33.21934538376302,7.0
7,0.13911209585022818,2065.0000166970317,0.001000000000904814,0.003410088529159562,9946.608381637563,16.029925249891733,6.0
8,0.23552048998097747,2065.000021319667,0.00100000124440712,0.0018947312663305466,10033.415083667738,18.329828322515283,6.0
9,0.17683425381677118,2065.0009371458605,0.0010000003523159442,0.0037072042579857595,9999.037377419336,16.9799323456201,6.0
10,0.17437360101235,2065.000166911694,0.001000000846497301,0.004810020845566938,9996.42054834322,16.919952652308776,6.0
11,0.21306599341365973,2065.0000096937606,0.0010000000026524293,0.007898900133430382,10026.24764359867,17.8293408008986,6.0
12,0.22512415490087145,2114.850793974207,0.001000000019940332,0.006282341815380267,10036.208065876148,29.239856636730416,7.0
13,0.23396711540716528,2143.2071107665543,0.0010000000510248812,0.0024735497507580367,10050.46101709644,33.237855479813966,7.0
14,0.2294723546994627,2126.6504839972536,0.0010000014973217074,0.003151796037332256,10043.800568622539,31.268366074162365,7.0
15,0.1991617917799781,2065.000014746644,0.0010000000000414374,0.0036531365687259196,10018.213437384227,17.5097958711734,6.0
16,0.19106029154367038,2065.000064445334,0.0010000000090123664,0.0021509016726806865,10012.18123603998,17.319971549358787,6.0
17,0.23760070403953726,2157.645071365109,0.0010000000588371648,0.007113732136243663,10053.305248625553,34.639471156401406,7.0
18,0.10532974926031201,2065.0001660735898,0.001000000325532018,0.004558073447120224,9873.564296683115,15.109920296039812,6.0
19,0.23386449271587426,2141.3654596435663,0.0010000000171029864,0.0021709056496714164,10049.989230743911,33.058657300872426,7.0
20,0.17023838153471588,2065.0000070056076,0.0010000000821796485,0.0034851137909358895,9991.786106597021,16.818797428276934,6.0
21,0.24058545835924372,2172.168618470035,0.0010000001961591855,0.003981718426725218,10054.568565798747,35.80840379238169,7.0
22,0.10252097478447542,2065.0000075018115,0.001000000045817612,0.001112198702911287,9866.164039869984,15.029935320750461,6.0
23,0.12780188444928947,2065.0001239142407,0.0010000000254021403,0.0010358220436823674,9925.222739742392,15.72999425081406,6.0
24,0.2043400923077322,2065.000002334788,0.001000000009135105,0.003339226999469526,10021.54110392931,17.629704900844054,6.0
25,0.22196240584312676,2065.000000589701,0.0010000003917255318,0.0019630898560256617,10029.919058361764,18.029846991050864,6.0
26,0.23670149842902397,2152.3897094994704,0.0010000000000759525,0.006516297249845868,10052.533877169984,34.17749223270916,7.0
27,0.2433200431762965,2065.000041665508,0.0010000008226215005,0.0065532519290662766,10034.320754611053,18.49947472733887,6.0
28,0.18223191916270118,2065.000038588708,0.0010000000025720637,0.002061909696404328,10004.418896781788,17.10987494740004,6.0
29,0.24102627820043965,2065.000009143911,0.0010000000821796485,0.0011429886337807193,10034.137338581688,18.449791671275854,6.0
30,0.23917912423220963,2065.000037946991,0.001000000040433493,0.0016426354024717546,10033.939533511882,18.409667841013448,6.0
31,0.23804919402263577,2154.413502208288,0.001000000002845661,0.004669049470288673,10052.938288723552,34.40964839740873,7.0
32,0.23358320445124625,2139.7529409165672,0.0010000002024248215,0.0013989179218443781,10049.51576674245,32.88846382323062,7.0
33,0.2353149204080404,2144.747252651619,0.0010000000034360002,0.0014287636908390648,10050.981073616083,33.446436837346106,7.0
34,0.1138801522099933,2065.000079387017,0.001000000002291162,0.006641146238454019,9894.753412308293,15.349831517609559,6.0
35,0.23576562788878375,2145.502924867634,0.0010000001873548246,0.002996117620781716,10051.195052433566,33.53740592206656,7.0
36,0.23942095260467036,2164.8501607821167,0.0010000007295555176,0.0015752036071397311,10054.09614749123,35.2595270422738,7.0
37,0.20998949260332123,2065.0000274033187,0.0010000001895704648,0.00101767907596681,10024.715060621747,17.759302270500733,6.0
38,0.22673280527353082,2116.660847093713,0.0010000000667329389,0.008193635688515827,10038.127333553979,29.569481858290672,7.0
39,0.23688418804657396,2065.0000163016653,0.0010000001934010164,0.007903090928664896,10033.631699781186,18.359638180856624,6.0
40,0.23412119527148,2140.6053118465206,0.0010000000000217127,0.00666984027755466,10049.822587010964,32.99784688508564,7.0
41,0.16621855051957862,2065.0004488103914,0.0010000000775380864,0.002908672254233738,9986.988872262693,16.719824988193164,6.0
42,0.15032306373444904,2065.0000757111898,0.001000000005024937,0.0015818888905837036,9965.077814405608,16.319986222558434,6.0
43,0.18683231734298178,2065.000007079097,0.0010000000191425758,0.011895672186526167,10008.621739563945,17.219771111053948,6.0
44,0.23636502406632703,2152.2181153133624,0.001000000000022449,0.002948192004953943,10052.47543146514,34.14640957211047,7.0
45,0.23179463586293572,2135.2564994358554,0.0010000007342249424,0.0014489727312658322,10047.845133617924,32.34556600091214,7.0
46,0.19317560686676238,2065.0001055735133,0.001000000403526806,0.004013633511164461,10013.854732427233,17.36981682838723,6.0
47,0.22615148285828435,2118.1247877227242,0.0010000011759290738,0.006090578524819509,10039.120095115399,29.748642998293555,7.0
48,0.11064512845805836,2065.0000152734297,0.0010000000010509224,0.005135822241829125,9886.968681182263,15.259640755930238,6.0
49,0.20606110388531407,2065.0000702294933,0.0010000000031206626,0.004256535988225041,10022.557909736133,17.66933542336687,6.0
50,0.15344352216969967,2065.000004930422,0.0010000000004035678,0.0010282823878591074,9969.762870838933,16.399477913590687,6.0
51,0.18180870166253774,2065.0000119719816,0.0010000000014664643,0.008375762765763716,10004.014748928343,17.099709930941277,6.0
52,0.22680559848126605,2116.211646580421,0.0010000001092124254,0.007237496068659338,10037.781078688497,29.50873852226234,7.0
53,0.10994198898526368,2065.000064811996,0.0010000005219634816,0.004120538748608961,9885.239209548794,15.239955824468774,6.0
54,0.23094942837320803,2132.584221481578,0.0010000007081323917,0.0021311108023683474,10046.722620088776,32.01882949537033,7.0
55,0.12519531531586053,2065.000006658515,0.0010000000250336405,0.005137627989953228,9919.878381195394,15.659737937203586,6.0
56,0.23386449271587426,2140.32369453712,0.0010000000008382312,0.0013855295414933928,10049.71213310967,32.95796973714023,7.0
57,0.2117382390788101,2065.000020349089,0.0010000000197457838,0.001434517767386931,10025.60306192145,17.79915956570368,6.0
58,0.2365650812223813,2150.2143463202983,0.0010000000036628851,0.0011007436723336793,10052.173209376515,33.98937056349233,7.0
59,0.2008924983307917,2065.0000007377025,0.0010000007296877313,0.008619237627589406,10019.370015417853,17.549991469121764,6.0
60,0.20912897500197145,2065.0000505345956,0.0010000001412337723,0.0032855207226929863,10024.261879747897,17.739650738475028,6.0
61,0.21220178663478675,2065.0002463938936,0.0010000000828270345,0.013303658687233301,10025.830661596596,17.809765896066054,6.0
62,0.12261977701949438,2065.0000843569255,0.0010000000833208893,0.0033586876826181495,9914.438007054316,15.589941733547679,6.0
63,0.17519076094769634,2065.000007409895,0.0010000002966182723,0.0010683052613897211,9997.301975093767,16.939798539144864,6.0
64,0.1345482786145516,2065.000500388976,0.0010000036528841725,0.004045278868944046,9938.31999718775,15.909917137687392,6.0
65,0.2298824005012674,2130.703114629354,0.001000000018971402,0.0018951543183938554,10045.763404868216,31.75962103031801,7.0
66,0.19399234744222105,2065.00002855582,0.0010000000821796485,0.0026983442415923218,10014.482593199826,17.38898733015876,6.0
67,0.21396074406769724,2065.0004122466057,0.0010000000210407829,0.007377956127860474,10026.667229507191,17.84975127703794,6.0
68,0.12594396422491644,2065.000017487484,0.0010000000149775435,0.0037506196035109315,9921.429871934382,15.679954947894007,6.0
69,0.20564392375759297,2065.0000027895185,0.001000000000239556,0.004031954944043601,10022.315533802868,17.659726193310053,6.0
70,0.21041015106393257,2065.0000389451966,0.0010000000616688914,0.0018841255879223668,10024.932795336323,17.76890433413702,6.0
71,0.2320304054894504,2134.033095492355,0.0010000000110367158,0.0058843584632816415,10047.451168818172,32.22702061436557,7.0
72,0.24180262949773326,2176.080279574608,0.0010000000344694189,0.0064712994559628055,10054.743131053812,36.11659154288396,7.0
73,0.22915763554581986,2121.312008436384,0.001000000352964059,0.006206335028969156,10042.034718107336,30.308708474787533,7.0
74,0.23189863683720982,2132.913761682031,0.0010000000008997954,0.0015647756397586699,10047.012006525209,32.099757834803,7.0
75,0.2403207852004229,2167.140461359951,0.001000000128804494,0.0066923267541168525,10054.296527670569,35.46398777089203,7.0
76,0.24021064515357377,2170.150741905698,0.0010000002050153316,0.006443024664290931,10054.460367111704,35.658495024279716,7.0
77,0.15701186685729893,2065.000000245529,0.0010000000184564066,0.0027999628445730066,9974.886286419474,16.489767348885998,6.0
78,0.2025788339912256,2065.0000025950517,0.0010000029177054531,0.008001257315508813,10020.45176338356,17.58904261591726,6.0
79,0.22640419445181975,2118.1960987335215,0.001000000041333602,0.008143979195854537,10039.237100192462,29.769504599236697,7.0
80,0.17395536514895438,2065.000000768104,0.0010000000172785718,0.0016400849984178234,9995.96632071408,16.90972114967843,6.0
81,0.2161657228629584,2065.0000126209366,0.0010000000663728061,0.003543277773070735,10027.653944188361,17.899544142559503,6.0
82,0.16662669551728082,2065.0000000918394,0.0010000000051482783,0.0015282222644623508,9987.489720409423,16.72981054640192,6.0
83,0.16744128673316813,2065.0000068293534,0.0010000000046604379,0.003274469792861159,9988.479212390092,16.749937585519145,6.0
84,0.22700652602338905,2116.4367888458564,0.001000000007004259,0.005401876923845443,10038.01249031087,29.549513040052286,7.0
85,0.1440869653849882,2065.0000008035763,0.0010000001302033527,0.0011493775199132852,9955.12690117477,16.159494330393848,6.0
86,0.23150727443425953,2131.8871717643274,0.0010000000088490047,0.0033743672498041982,10046.544629324482,31.96839635964387,7.0
87,0.21702029186157198,2065.0000497525493,0.0010000000079659704,0.00218119896514925,10028.017636063,17.918843927355688,6.0
88,0.23637855815150907,2149.1341108672145,0.0010000000105982335,0.014382652572993484,10051.967552633832,33.887943120473246,7.0
89,0.23653023385799993,2149.418797218617,0.0010000000152967322,0.002324608730720415,10052.032816421344,33.91993691058735,7.0
90,0.2312134662345712,2129.7826469354122,0.0010000000168454179,0.007244697202898801,10045.609247081806,31.717347230072935,7.0
91,0.23670149842902397,2150.49326076934,0.0010000000000759525,0.0014649600628835937,10052.232996303346,34.0197702513743,7.0
92,0.18598780902250017,2065.000012620913,0.0010000001381712258,0.003760814118646345,10007.876062865062,17.199667506573494,6.0
93,0.14292971177895475,2065.0006508266233,0.0010000000083559579,0.01281412157040027,9953.191473262454,16.129630299173055,6.0
94,0.1526604800396022,2065.0000159962156,0.001000000147626266,0.007696434927986819,9968.605182080037,16.37957755526945,6.0
95,0.17889604872550904,2065.0000216462236,0.0010000011587423076,0.0013118703873764995,10001.150710408576,17.0295812604873,6.0
96,0.2416106846696692,2174.83039556072,0.001000000000224989,0.0047978820648677326,10054.700562112626,36.02973785949749,7.0
97,0.23606568631988722,2150.7219036843358,0.0010000000610180082,0.011365557538497908,10052.208009628332,34.007056450752906,7.0
98,0.2329243021911521,2136.3092488566435,0.0010000000116524366,0.0028968733772284407,10048.376585477841,32.509421760749476,7.0
99,0.21132882358676222,2065.000082585289,0.0010000000486355405,0.0010186764205573876,10025.399081667763,17.78985512035918,6.0
100,0.22641581224061474,2065.00000454437,0.0010000000123745606,0.0010225310177571323,10031.342849454884,18.129111101429164,6.0
101,0.22578842257377033,2120.5503434170505,0.0010000000274605673,0.008849133683260704,10040.757949180463,30.0593123754827,7.0
102,0.19615584446402143,2065.000000421185,0.0010000000004110282,0.003784060744869221,10016.094417518569,17.43967802501266,6.0
103,0.22936847875591876,2125.698057616329,0.0010000000559497225,0.006602424731676889,10043.287495884228,31.147906660101917,7.0
104,0.22619290561633798,2118.8402351326995,0.0010000000158493776,0.0018864631668120695,10039.660556395409,29.848343489919994,7.0
105,0.24723621545300695,2065.000000323399,0.0010000000086852377,0.007573475997393308,10034.480143278188,18.58386354914725,6.0
106,0.1356895801358737,2065.000051722953,0.0010000125774275884,0.004740157353389592,9940.426248026442,15.939967323068835,6.0
107,0.23605632121215647,2151.9463848434684,0.0010000000001303528,0.0034900348831401144,10052.402641389805,34.108453343995436,7.0
108,0.23179463586293572,2132.502797398547,0.0010000000942909063,0.0031233273092277697,10046.83604895726,32.04986725990364,7.0
109,0.2166074848325311,2065.000006185888,0.001000000061978969,0.003971433843129765,10027.843245905604,17.90951752455613,6.0
110,0.17191025392257897,2065.000001674886,0.0010000000045177408,0.006558255758739096,9993.696409557859,16.85977496372823,6.0
111,0.1171297537757244,2065.000001378932,0.0010000000003694,0.00745025749298897,9902.298281460431,15.439682024054703,6.0
112,0.23757775835719913,2158.7863079463455,0.0010000000172126413,0.005174834993371188,10053.429246506783,34.72486924869133,7.0
113,0.23088742021192843,2129.3090511819696,0.0010000003700624642,0.0026052233496370366,10045.340408386151,31.64762228788421,7.0
114,0.23337055588744865,2142.8832585571695,0.00100000008966035,0.004189882143567482,10050.301676130672,33.17827375792919,7.0
115,0.225615904786745,2119.182803509319,0.0010000000187346451,0.008118114607416042,10039.762905419346,29.869382145033203,7.0
116,0.23542290598827995,2144.3837540721847,0.001000000000096261,0.0024539030485254175,10050.912369741069,33.41844986949253,7.0
117,0.13986474918982564,2065.0009168536485,0.0010000006651300717,0.005409315840701912,9947.929429336904,16.049828302059062,6.0
118,0.23240597709366986,2131.865970320941,0.0010000000339500789,0.0032295826698588177,10046.683034062306,32.00838753870511,7.0
119,0.11172987575210179,2065.0000025264503,0.0010000000152538113,0.0024162917546461053,9889.609927647456,15.289955628057438,6.0
120,0.2275908027164726,2120.7052959501616,0.0010000000010705631,0.0022622318590835755,10041.294643843758,30.15960699680908,7.0
121,0.12927653981796874,2065.0000463801216,0.0010000002429905181,0.004430173502045838,9928.17554341986,15.769522288965419,6.0
122,0.2357765254427054,2145.121059987881,0.0010000000019822512,0.00835273315471955,10051.114351528357,33.50330766347586,7.0
123,0.23794437413367045,2159.101165646784,0.00100000000499442,0.007787044117797182,10053.491314380337,34.76736624766575,7.0
124,0.22508442855309407,2116.954943099202,0.0010000000334985883,0.0075491077579315745,10037.945350390695,29.539470389405913,7.0
125,0.2323776218455061,2135.2127075733365,0.0010000000613062615,0.01434246180822815,10047.924252811476,32.36882095480125,7.0
126,0.23757982300381683,2154.413502208288,0.001000000001724503,0.005101626528812075,10052.901200871136,34.385833392892,7.0
127,0.23275903034265294,2133.461022695281,0.0010000000262781162,0.008268604945071275,10047.354733348486,32.19998883307441,7.0
128,0.23587405784339063,2146.2449736008307,0.0010000000036827423,0.0039598893330028305,10051.362123907638,33.60953322618075,7.0
129,0.23830301997335787,2162.134778973202,0.0010000000001692453,0.007244829938026561,10053.80853224916,35.00895194555587,7.0
130,0.20824984605697477,2065.0000001378503,0.0010000000198882703,0.0035414834330798023,10023.787875681488,17.719524353468852,6.0
131,0.23280962296447033,2137.928684792351,0.0010000007583587014,0.0023067470976596135,10048.87065382042,32.66940280092325,7.0
132,0.12705834231002142,2065.000014774055,0.00100000001507664,0.0019614702466731384,9923.714669400291,15.709979160989022,6.0
133,0.23017397692209027,2128.475327054423,0.0010000000016309437,0.00507000365318253,10044.827179859789,31.51749292081967,7.0
134,0.23263386910091163,2137.2125844290726,0.001000001028267047,0.00851569328935451,10048.62205318969,32.58828671579529,7.0
135,0.23881739846094371,2163.4248277372967,0.00100000000001626,0.009446883922324787,10053.95134625766,35.12788915242347,7.0
136,0.23152966527582408,2128.9673024293934,0.0010000000008196473,0.0021800265309084026,10045.297913563916,31.637920297563696,7.0
137,0.22828573417725934,2126.3644168853884,0.0010000000744880108,0.009254947754151309,10043.410351421056,31.17914285225796,7.0
138,0.23876478289846592,2161.6220113776335,0.0010000000000352273,0.004384980858325067,10053.794296402035,34.99573404055619,7.0
139,0.23794437413367045,2161.395191996759,0.0010000000037732669,0.008046109327350715,10053.716179061983,34.936831810440374,7.0
140,0.23684568487504531,2152.935161801498,0.0010000000000110383,0.010278553799707137,10052.628542728464,34.22937333122699,7.0
141,0.23633431259497603,2145.321221115951,0.0010000000000403666,0.006516297249845868,10051.215938657062,33.54904695704274,7.0
142,0.22661892413945342,2117.60849149929,0.0010000000078188831,0.006239904991775216,10038.843729952481,29.69756769197359,7.0
143,0.23712450004314747,2150.6997385694294,0.001000000783567086,0.0071602868573223555,10052.30522798362,34.058394696670426,7.0
144,0.21089516021971758,2065.0000031480363,0.001000000000490194,0.0010070717248150316,10025.18061456763,17.77995355800382,6.0
145,0.23575476559579897,2144.638537792202,0.0010000000114365416,0.002266612525803563,10051.006110449083,33.45818686651202,7.0
146,0.1641833347058589,2065.0000078848857,0.0010000000011244575,0.001004905815108626,9984.449401768183,16.669250862409676,6.0
147,0.23150727443425953,2133.1568662233544,0.0010000000089521168,0.001335358501539354,10047.039428780212,32.10767567823431,7.0
148,0.2252423983368438,2113.3117952695043,0.0010000000034694819,0.0011482214358985244,10034.85223612882,29.01679752758688,7.0
149,0.24115875297724443,2174.8264970552295,0.001000000000224989,0.005783415255285976,10054.687793535573,36.00547380449115,7.0
150,0.2312134662345712,2126.331553933134,0.0010000000142361977,0.001675837798200908,10043.96524625298,31.30991327781515,7.0
151,0.23614292789712177,2144.7482466568003,0.001000001183009262,0.009015412320887246,10051.070459625771,33.487372310347084,7.0
152,0.2261457895202167,2114.7563005075826,0.0010000036280036649,0.005911583071213986,10036.38506887187,29.26978784935246,7.0
153,0.2144019334126243,2065.0000951751786,0.0010000002555550773,0.0028884908432878255,10026.870248903011,17.859665312783942,6.0
154,0.23812491087791848,2155.3761530161983,0.0010000000086345555,0.006484679843644015,10053.071174441047,34.48997691581437,7.0
155,0.15582805410444414,2065.0000070572382,0.0010000001290845603,0.006286051933333645,9973.213805366066,16.45988844697037,6.0
156,0.23403207140242882,2143.948574340138,0.0010000000120068406,0.00240445807444121,10050.643150011008,33.309835966786295,7.0
157,0.2359730599826884,2150.6574642820283,0.001000000533928786,0.0071602868573223555,10052.187320416593,33.996990365613684,7.0
158,0.13682870272853484,2065.00000396399,0.0010000030731998069,0.005138965507454268,9942.517627893423,15.969975652035735,6.0
159,0.10392305915905006,2065.0000009065548,0.0010000000001113532,0.0018735716272620094,9869.886363518453,15.069915658586648,6.0
160,0.2364314473138126,2152.318199320817,0.0010000009940919821,0.007355744345378772,10052.496171401244,34.15798582163278,7.0
161,0.23016977177028328,2121.312008436384,0.0010000000063033936,0.0023565448357937132,10042.237099204234,30.35358917072245,7.0
162,0.23343660803502866,2137.415649318167,0.0010000000002655192,0.0031705553858515224,10048.804768513884,32.64762370954385,7.0
163,0.2342228634561107,2143.73847704033,0.0010000000015115218,0.0021722816496640264,10050.61950209421,33.299816437107026,7.0
164,0.23033389362064813,2131.0380979118013,0.0010000003833506518,0.0010586383320918046,10045.98889776767,31.818493222851025,7.0
165,0.2305779764932648,2129.7826469354122,0.0010000000170152029,0.007749380704010069,10045.495837112378,31.687651983302363,7.0
166,0.23638064888567709,2151.510273196099,0.0010000000625076926,0.005829844073260982,10052.366963189157,34.08871607491797,7.0
167,0.23804081973618055,2156.687812027842,0.0010000000001338899,0.006263899580882358,10053.227874058131,34.5882866626191,7.0
168,0.21351692665167157,2065.000015439007,0.0010000000123059104,0.004122946121513525,10026.460760220527,17.839577992557956,6.0
169,0.18809304350304545,2065.000001092693,0.0010000000280044206,0.00179381786281458,10009.713218585288,17.24972508704343,6.0
170,0.23563205398059156,2144.1722212883237,0.0010000000087468076,0.001177859660703529,10050.887988343746,33.40927810149964,7.0
171,0.23871790343587176,2165.2108451654117,0.001000000010770748,0.0030613355993576678,10054.080848167363,35.247962157074234,7.0
172,0.23204445687450767,2135.8394779302253,0.0010000000000817556,0.0018941608272463612,10048.084582661551,32.418483875489876,7.0
173,0.10673672251918179,2065.0000051637203,0.001000000001507723,0.006580183902328355,9877.188426933657,15.14972023158057,6.0
174,0.22395337059116935,2114.306538258269,0.001000000000765309,0.0017006534959174379,10035.40924389124,29.10991263245864,7.0
175,0.2395048285206937,2163.5920360623954,0.0010000000051198835,0.00136185368805013,10054.005404158148,35.17543644801833,7.0
176,0.2294723546994627,2126.739684722374,0.0010000000000056875,0.0016965172178679295,10043.84725015828,31.279105339090076,7.0
177,0.24024575359698577,2170.9945387164084,0.0010000000814179208,0.002298695549664145,10054.50270240696,35.715138959843976,7.0
178,0.20389139955007157,2065.0000000066098,0.0010000000049858006,0.014462064040217252,10021.268745067286,17.619357169241283,6.0
179,0.23365054998737522,2138.611691729684,0.0010000020084244407,0.0015922923520373011,10049.195372081005,32.77862680654887,7.0
180,0.23038220954133462,2125.169320862311,0.001000000014397979,0.003747241300411047,10043.201028546691,31.129249601794477,7.0
181,0.23942066451244753,2166.1006394538067,0.001000000021711598,0.0030838354481042135,10054.184779290055,35.34600521941639,7.0
182,0.23876478289846592,2161.541730900895,0.0010000000000352273,0.00177595603734635,10053.787048786107,34.989899092001174,7.0
183,0.23804919402263577,2155.0998106171637,0.0010000000003458141,0.002541661788658144,10053.02964208549,34.46427562566984,7.0
184,0.2359838088752686,2065.000007237855,0.0010000000252178504,0.004306052939669177,10033.492302769751,18.339960059488796,6.0
185,0.21484711414859164,2065.00000315175,0.0010000000003290834,0.003754877189046866,10027.072523394283,17.869722778612818,6.0
186,0.236250790535185,2144.052509878208,0.0010000001064614556,0.004447412499031449,10050.92658091403,33.428669749848765,7.0
187,0.2363206905838189,2150.775152518324,0.0010000000078580005,0.0014589257124516244,10052.242619476032,34.024343835051376,7.0
188,0.23876478289846592,2161.1595365933813,0.0010000000072893532,0.0032939117706655375,10053.752051553007,34.96203539132268,7.0
189,0.22661892413945342,2114.1718340771595,0.0010000002447035487,0.00934949112529431,10035.988295686217,29.203796111416086,7.0
190,0.11895874689675377,2065.000127956688,0.0010000000000985143,0.006819136513374538,9906.4260620228,15.48998142268655,6.0
191,0.10357273851460055,2065.0000999210215,0.0010000000007138149,0.0036467576780644774,9868.96148425281,15.059960583707987,6.0
192,0.10815977926133284,2065.00000119763,0.001000000002176778,0.0029183766582988055,9880.7977088583,15.189865471706113,6.0
193,0.2303414764032589,2129.347988197507,0.0010000000008143948,0.004755398846517447,10045.258716436292,31.626651063420375,7.0
194,0.22676742199199648,2116.351405870194,0.0010000000455977656,0.004501014145322146,10037.885904109198,29.527025771950925,7.0
195,0.23522873426054355,2146.341590012027,0.0010000000023866929,0.006280970936896026,10051.310346884442,33.58616275589959,7.0
196,0.12668628617739372,2065.0001504044594,0.0010000000067958577,0.008483145636554706,9922.954980957295,15.69999405526836,6.0
197,0.14836268335158675,2065.000056714662,0.0010000003171221506,0.005247922547571364,9962.034794267489,16.269764238798857,6.0
198,0.2324306049244796,2137.7813036552047,0.0010000000023997005,0.007539091114714135,10048.768599957357,32.63622899432332,7.0
199,0.22470707831860887,2116.71116166862,0.0010000000715441333,0.0016517659415731087,10037.65060738593,29.488788322659058,7.0
200,0.1784979007946694,2065.00000638623,0.00100000001659024,0.0010332426925385805,10000.749428387964,17.019960691379257,6.0
201,0.18098804604589086,2065.000000016589,0.0010000000845762503,0.00119275679228215,10003.222437797254,17.079986093431472,6.0
202,0.10182354670521913,2065.0000000279747,0.0010000000006754881,0.0013612226034694756,9864.291555329186,15.009992129717503,6.0
203,0.2317548597807505,2135.118786564392,0.0010000000715606177,0.0045618891830270375,10047.791678293266,32.32918553034806,7.0
204,0.23830301997335787,2159.8027499474993,0.0010000000000871371,0.004119998479307533,10053.589699499456,34.83820857703825,7.0
205,0.24026864139459939,2169.4413113267105,0.0010000001162240658,0.005110515860604838,10054.4266175051,35.61503001774251,7.0
206,0.2269669101515733,2115.1920261475884,0.0010000000000217127,0.0021755625327682724,10036.966576344363,29.36862383568391,7.0
207,0.23614343078903494,2148.800686893447,0.0010000000000319293,0.006813683072818408,10051.883927939167,33.847488307904605,7.0
208,0.23909736866031184,2160.8628598198165,0.0010000000222651572,0.007938984197602847,10053.74521041541,34.95746415938161,7.0
209,0.24020510409930282,2170.696725907133,0.0010000000076354598,0.006529785119510302,10054.486959829275,35.69372134996136,7.0
210,0.22572901278930949,2114.947220692035,0.0010000002826605777,0.00776432740405405,10036.448939485137,29.279864260681872,7.0
211,0.2300734327003316,2131.3292940099896,0.0010000001192824743,0.008843850082257462,10046.061071480824,31.838804203044358,7.0
212,0.2321819841289012,2134.2444961977776,0.0010000000013426873,0.010577849822649824,10047.552066599877,32.25684777216974,7.0
213,0.22412274518669176,2115.2154151388127,0.001000000000280996,0.0038589606089391862,10036.251503072348,29.24987137912517,7.0
214,0.22017676309409942,2065.0000095328674,0.001000000133424563,0.005979952479223233,10029.27160331185,17.98984338215979,6.0
215,0.23087620616009724,2131.2698342114063,0.0010000000044522853,0.006025066715646901,10046.18394131279,31.869950584965473,7.0
216,0.23803954045291525,2160.942398232708,0.00100000000499442,0.007988121800903403,10053.681306176437,34.90870546753653,7.0
217,0.19232774245457798,2065.000000604084,0.0010000000006404565,0.0038051941137257402,10013.192789066698,17.349837839458313,6.0
218,0.13720679611522507,2065.0000003325463,0.0010000000015316893,0.0049292486754480835,9943.205394305907,15.979921940262187,6.0
219,0.20870221439347092,2065.0000001681183,0.0010000000000857598,0.002004710304921186,10024.033305754781,17.729877565442543,6.0
220,0.23386449271587426,2144.3640045056954,0.0010000000001147951,0.001437401228100731,10050.715523532754,33.33977448040515,7.0
221,0.10497271381760426,2065.0000009065548,0.0010000007774693574,0.0018317693899942854,9872.63566955896,15.099753727686245,6.0
222,0.10958715250442287,2065.000004305939,0.0010000000121023317,0.00601787870002983,9884.36223061772,15.229990249271973,6.0
223,0.22737637803181027,2121.1466636766554,0.0010000000478139748,0.00754645892675287,10041.537955729287,30.208021836706926,7.0
224,0.23876478289846592,2162.081739715546,0.0010000000072893532,0.0034170874932156503,10053.835118133447,35.02902931264491,7.0
225,0.232768956229807,2065.000003393306,0.001000000014261991,0.0026714552447316404,10032.90661586191,18.269475586970476,6.0
226,0.2379806262530845,2157.7649156990415,0.0010000003344287373,0.007264643324315883,10053.348353254345,34.66808444036121,7.0
227,0.15424710820202317,2065.0000044200588,0.0010000000002143704,0.0014812611582275478,9970.938261008396,16.419869290811466,6.0
228,0.223309708781452,2065.0000000522823,0.0010000000017933667,0.007373612599499465,10030.37887590813,18.059953992175473,6.0
229,0.23017397692209027,2126.9640011616502,0.00100000000193201,0.002706912991927066,10044.096189371952,31.338428206385142,7.0
230,0.24136476180186175,2172.168618470035,0.001000000034234863,0.0018886638701163987,10054.595072227254,35.849611169396745,7.0
231,0.11027693350514554,2065.0000030463807,0.0010000000007347617,0.0029088104694022514,9886.065019631144,15.249328856850036,6.0
232,0.2394998024680568,2161.8307402865967,0.0010000000253951162,0.007361804225914735,10053.857033882517,35.04887605753939,7.0
233,0.22780374486223076,2065.0000720388357,0.001000000392125478,0.004589560277381265,10031.730539381133,18.15991791241636,6.0
234,0.14256071358095002,2065.0000001444478,0.0010000002952022297,0.00432317598645211,9952.56900930667,16.119891208630122,6.0
235,0.1135226639586897,2065.0000040350083,0.0010000000277504536,0.0043135688943498575,9893.906760328447,15.339885184629075,6.0
236,0.17932053963081157,2065.0000235269786,0.0010000002411781836,0.00826869079229009,10001.577739066992,17.03982673402803,6.0
237,0.24152320431106794,2172.9546490771863,0.0010000000017480256,0.005189147801235172,10054.63128667758,35.90790027760052,7.0
238,0.18014127009910993,2065.000002655588,0.0010000000046557942,0.005718446659243931,10002.39325050674,17.059606259584307,6.0
239,0.23644256107750483,2155.940909625545,0.0010000000576472973,0.0019843361823609555,10052.998909541337,34.448603284528836,7.0
240,0.2323254324346664,2137.2125844290726,0.001000000030032193,0.00831083759587578,10048.575408025052,32.57343630020245,7.0
241,0.14953537370078604,2065.0000159962156,0.0010000000008339423,0.004138429006545594,9963.864600429637,16.299819406787197,6.0
242,0.1747845752321812,2065.0000015692644,0.0010000000012821834,0.00724350025686987,9996.865947199229,16.929916378939712,6.0
243,0.18347914051038736,2065.0000000743353,0.0010000000000321364,0.0021289549481029106,10005.59276934524,17.139754693001734,6.0
244,0.20474226717951488,2065.0000016542594,0.0010000000009225685,0.007726267737593299,10021.782687297322,17.638972217294718,6.0
245,0.23812296601571462,2154.438481918878,0.0010000000001397426,0.008069170792066023,10052.94724423994,34.41538806653056,7.0
246,0.1764238901525499,2065.000112906117,0.0010000000064058641,0.0035022965995857355,9998.60937789784,16.969774388104973,6.0
247,0.16060374182887663,2065.0000101517066,0.001000000004028509,0.0031781437884800643,9979.79672540574,16.579990217376743,6.0
248,0.1633951848864063,2065.0001607222744,0.0010000000161304496,0.008797526884549262,9983.445193626514,16.649689925272455,6.0
249,0.21263995115350875,2065.000001435417,0.0010000000020277966,0.008349465367874617,10026.043600520754,17.819660720089683,6.0
250,0.1063924112305663,2065.0000226154402,0.0010000000074170464,0.00349987364906742,9876.30672680812,15.139988898572938,6.0
251,0.22564808462797126,2115.3621851703483,0.0010000000004767398,0.008656136435518307,10036.784639570513,29.33671597252479,7.0
252,0.16140091097157938,2065.000077846698,0.00100000000133216,0.0014693757975492838,9980.853434837769,16.599940778075773,6.0
253,0.1948759773636699,2065.000004597954,0.0010000000002257786,0.003545341760034119,10015.149779924326,17.409711377408094,6.0
254,0.23396711540716528,2142.482860604706,0.001000000004623472,0.0012855834498343556,10050.285623564594,33.16993115720552,7.0
255,0.23876478289846592,2163.03705069886,0.0010000000000352273,0.00177595603734635,10053.91636232915,35.097576401972304,7.0
256,0.23432828156553215,2144.1810193820193,0.0010000000192221734,0.0040418039415471285,10050.734683954988,33.34585108462812,7.0
257,0.2323254324346664,2136.456585007706,0.0010000010140805266,0.0018129396615315287,10048.332196883835,32.495911920448634,7.0
258,0.13417305851997013,2065.0000125034176,0.0010000000008988756,0.0043584601720021935,9937.622573417008,15.899874773015119,6.0
259,0.24088161075639297,2170.8554599756,0.0010000003570700018,0.006372652272432646,10054.520952302333,35.73968615924084,7.0
260,0.18140366204236313,2065.0000009920977,0.0010000000000476112,0.0028459133063870232,10003.625151437536,17.089977629437286,6.0
261,0.19190185520134584,2065.0000000810533,0.0010000000027918486,0.003254826260007976,10012.855750025732,17.339804217485813,6.0
262,0.23585829538847633,2145.695227222945,0.0010000000452776345,0.013417791511542671,10051.245940826442,33.55936019342732,7.0
263,0.17765296564126198,2065.0002053347157,0.001000000707932251,0.005421000803821798,9999.885572778545,16.999578332035078,6.0
264,0.24268025025047438,2179.1557608648413,0.0010000000669758361,0.014987492076044233,10054.830080833051,36.34739913398328,7.0
265,0.2297425043718785,2129.345866884255,0.0010000000075022501,0.005705838241210193,10045.143931984705,31.598448145511625,7.0
266,0.236441336605408,2153.913113759663,0.0010000000147593778,0.0019149408180413835,10052.730370751011,34.28798227553501,7.0
267,0.1092194394678306,2065.0000021022406,0.0010000000069970505,0.001039186590811995,9883.4492560304,15.219666880164898,6.0
268,0.2179151385856238,2065.000000022231,0.0010000000034852282,0.0018782959406881462,10028.387444622986,17.938999708970044,6.0
269,0.23593535113228992,2147.6483888862635,0.0010000000599174415,0.00398070170648656,10051.64729700383,33.7368915578419,7.0
270,0.14797885691345947,2065.0000340389083,0.001000000000966091,0.001013849092879202,9961.430299410804,16.259902285425383,6.0
271,0.23106471470460452,2128.5368441811493,0.001000000173178587,0.004089965200896355,10045.018451095515,31.566079612065273,7.0
272,0.23931619845467147,2164.336163361266,0.0010000001209565048,0.0013574521954418661,10054.052542970943,35.21811951033265,7.0
273,0.23005725137879895,2065.0000093877306,0.001000000262456535,0.002865666960529817,10032.305373700765,18.209741944527988,6.0
274,0.20651895641898715,2065.000009157588,0.0010000000179206745,0.009357713657791353,10022.821086963837,17.67983764685089,6.0
275,0.20217027652144784,2065.0000005259167,0.0010000000083359329,0.006926715295652246,10020.196005467536,17.579591698981343,6.0
276,0.23866129348310738,2160.1101998150248,0.0010000000438971247,0.005779263442647101,10053.644925072396,34.87947517491274,7.0
277,0.23229952271299936,2133.245544805158,0.0010000000000096611,0.0027399278083272663,10047.20259927053,32.15484842073848,7.0
278,0.2388673350821817,2164.9771281007565,0.0010000000214498072,0.007290290094356797,10054.073441208253,35.239526593488016,7.0
279,0.22687255169251352,2115.9842913340262,0.0010000000506554282,0.007341927970643105,10037.610318085317,29.479081117804444,7.0
280,0.23629738113936632,2147.888879033073,0.0010000000064231502,0.0040135343380513135,10051.730535610728,33.77597987302735,7.0
281,0.24180262949773326,2176.1978814623544,0.0010000014534236208,0.001594193888524051,10054.745023962707,36.12374445756812,7.0
282,0.23020998836063378,2127.8726574429024,0.001000000000690747,0.0013752883509034232,10044.54836738096,31.448303567772538,7.0
283,0.24007732719696395,2065.000001171391,0.0010000000056251098,0.0026315272425645395,10034.041333931551,18.429186721486825,6.0
284,0.1185744813474173,2065.000004612021,0.0010000000000937085,0.009534618966351,9905.565925562714,15.479410511474525,6.0
285,0.23575984839908426,2146.6097871229817,0.0010000000043490713,0.0010555910236455272,10051.424154391318,33.636422919457196,7.0
286,0.11206300879131027,2065.000001323752,0.0010000000008168325,0.0023548559606248994,9890.414799129441,15.299249808657878,6.0
287,0.12297734267103895,2065.000018678352,0.0010000000061327647,0.007900074831508494,9915.20301360322,15.599644574655482,6.0
288,0.23681535103402182,2157.652675686374,0.0010000000290429558,0.005936539619041249,10053.238603523845,34.59981697470775,7.0
289,0.2317963266983758,2135.582973187828,0.0010000000147685993,0.002571419954742016,10047.957736234222,32.379848065681635,7.0
290,0.23858515524066473,2161.1095528632604,0.0010000000705079016,0.0018975297417500314,10053.73548442849,34.94910717722952,7.0
291,0.23462169433203928,2143.065713914745,0.001000000000059739,0.002077623519521098,10050.511383648429,33.256802102528134,7.0
292,0.23240493104388124,2135.1134484710906,0.001000000000005067,0.0026668135762526073,10047.894281989375,32.359672716836556,7.0
293,0.22512415490087145,2117.7294761304374,0.0010000000002338232,0.0036838002108073946,10038.558884475147,29.649189226826365,7.0
294,0.24168217931902974,2175.0756799305177,0.0010000000001072714,0.006436467620813745,10054.710194431123,36.04866870905395,7.0
295,0.24056406221801283,2173.350095999859,0.0010000000019549486,0.00585511394540346,10054.615104050612,35.881987432761676,7.0
296,0.2354983051830014,2145.439110762557,0.0010000000635450822,0.012277733353421869,10051.15211817209,33.51841234056349,7.0
297,0.22630524598052873,2119.5546244136026,0.0010000001285021853,0.007583071967900597,10040.199824116602,29.949777222677177,7.0
298,0.2310197565822542,2131.5519344868458,0.0010000000013460286,0.008891214159068928,10046.324966776241,31.908185077432723,7.0
299,0.226929580415734,2118.451722305882,0.0010000000061401114,0.001136459948501665,10039.55429236056,29.827588601480993,7.0
300,0.23396711540716528,2144.839185509114,0.00100000000282729,0.0011934748828444958,10050.835103627505,33.38825126111566,7.0
301,0.11749828873028041,2065.0000003714326,0.0010000000001121772,0.003225665340168233,9903.136844601244,15.449829056652291,6.0
302,0.23284009509908782,2136.531991380956,0.0010000000003733826,0.007451741559773857,10048.436684929444,32.5283960784129,7.0
303,0.24115875297724443,2174.3692862005846,0.001000000000010721,0.0047978820648677326,10054.672526041555,35.9771735134496,7.0
304,0.22676742199199648,2116.576319795981,0.0010000000069045269,0.0037919818778534456,10038.067852195847,29.558998665940567,7.0
305,0.10285907392493192,2065.0000058173528,0.0010000000033354203,0.005142149074684441,9867.066815937851,15.039589355490067,6.0
306,0.18431273640253332,2065.000004940871,0.0010000000113159979,0.008844994504292865,10006.362968752728,17.159694128126333,6.0
307,0.2354983051830014,2150.7219036843358,0.0010000000086927518,0.012189593820591078,10052.147605343587,33.9785234539971,7.0
308,0.2388673350821817,2159.495484666457,0.0010000000214498072,0.007290290094356797,10053.596707484438,34.84432850785766,7.0
309,0.2381462216464635,2156.1232515726438,0.001000000006902154,0.002885802801893773,10053.167021308433,34.54972963248684,7.0
310,0.23644256107750483,2152.9245737012106,0.0010000000000189562,0.002490799006335246,10052.588828410746,34.20812134328343,7.0
311,0.23432828156553215,2139.5920486846003,0.0010000000000014242,0.005412033439189179,10049.570716733839,32.90878774730387,7.0
312,0.225528573103688,2065.000006054757,0.0010000000023328024,0.0013541462462849953,10031.080985110006,18.109393499148716,6.0
313,0.2410319146837071,2170.523193251078,0.0010000000342869138,0.008582901435720993,10054.510632625927,35.72603516736391,7.0
314,0.2304975823109088,2126.9121191647223,0.0010000000640404544,0.008681245693014246,10044.130720590876,31.34712564057325,7.0
315,0.22838085357340987,2119.7614124408965,0.0010000001423093364,0.009080165849125936,10040.825622968016,30.068948311990614,7.0
316,0.22954086271864124,2128.35976473364,0.0010000000738721912,0.007003100724474944,10044.650790527807,31.47453975154077,7.0
317,0.23735522991062236,2153.113126534457,0.0010000000254527966,0.009666899109991712,10052.699708283017,34.26962613705285,7.0
318,0.23054697184316075,2132.3769505949417,0.0010000000003201164,0.006722963157085557,10046.570191336505,31.977073519784142,7.0
319,0.11280630856768768,2065.0000002176766,0.0010000000001680954,0.0033401516267891665,9892.20003868873,15.319960218229339,6.0
320,0.2341336851043922,2141.9472964289744,0.001000000000021682,0.002085373106410525,10050.174006157764,33.12737501828281,7.0
321,0.1566134057815171,2065.000000492568,0.001000000002479445,0.006453388937684663,9974.326411463782,16.479718000008393,6.0
322,0.10427345737348924,2065.000002590906,0.0010000000212047626,0.002159729532158099,9870.807840474401,15.079885528644388,6.0
323,0.23644256107750483,2149.939716296938,0.0010000000000225575,0.0021237659782916665,10052.114603864495,33.959948464258815,7.0
324,0.22953102115108487,2128.067746071199,0.0010000000738721912,0.006210324736330648,10044.510626381103,31.43981294054031,7.0
325,0.22106666938145675,2065.0003588494355,0.0010000000062694802,0.010444730604555067,10029.599678053399,18.009891126354177,6.0
326,0.23314617979125013,2140.482330600937,0.001000000055622747,0.0016724764295064796,10049.65475902435,32.93842411311335,7.0
327,0.23553149090017514,2143.899993326725,0.0010000000000332306,0.0026652822277602574,10050.814614755493,33.379173839192596,7.0
328,0.13379348084607565,2065.0000001509743,0.0010000033856364294,0.0012972891565998697,9936.906322497098,15.88981791639357,6.0
329,0.16099211436941305,2065.0000086890577,0.0010000000163988506,0.006813360822501904,9980.313052841298,16.5897055528286,6.0
330,0.24087001371338684,2172.203513955661,0.0010000000525834556,0.0018816077295911854,10054.580695919984,35.82567757307807,7.0
331,0.22712753881545392,2121.0560091366324,0.0010000006219164504,0.007200283026511711,10041.41999483157,30.18511583861128,7.0
332,0.23743156062415743,2120.7891693516567,0.0010000001108584704,0.007475321087363796,10042.94606573325,30.604382667450185,7.0
333,0.23340181578842134,2141.0839792980196,0.001000000184601645,0.007620547573609242,10049.851721196823,33.00903037027049,7.0
334,0.24106617369653532,2171.596501767699,0.00100000000020743,0.0010817539328233966,10054.561319987808,35.797219916791256,7.0
335,0.22996195708304515,2130.3551586391904,0.0010000000004167396,0.006611024072507993,10045.630150349542,31.724037667679653,7.0
336,0.2323254324346664,2134.641619694483,0.001000000030032193,0.00831083759587578,10047.716587687019,32.30597049351587,7.0
337,0.23974292369959485,2166.99171871849,0.001000000232816484,0.004534936889892516,10054.259857535963,35.423662795944466,7.0
338,0.15502822456158397,2065.0000038210546,0.0010000002835644133,0.0021462579666854274,9972.068417926124,16.43965791592642,6.0
339,0.2313535808091746,2129.2766669108473,0.0010000000000028007,0.01026420794215073,10045.40808735738,31.66560712215208,7.0
340,0.19659338045162988,2065.0000055979203,0.001000000012914218,0.0030601958861346586,10016.411501021877,17.449908382255188,6.0
341,0.22689855965443823,2065.000000075101,0.0010000000648767399,0.004315340744096405,10031.4807773653,18.13982645290793,6.0
342,0.22375581698971664,2065.0000009860505,0.001000000000009065,0.0037294920668260218,10030.525474298614,18.069908344998336,6.0
343,0.23607822561579284,2148.506125489237,0.0010000011068594364,0.009086012839017882,10051.822323310504,33.81876811029317,7.0
344,0.12408732587448575,2065.000367481177,0.0010000000000551035,0.001083600387599507,9917.55726272058,15.629836914830221,6.0
345,0.19872072080252212,2065.000015627967,0.0010000000048194246,0.00883984231121979,10017.91119045668,17.49953156347425,6.0
346,0.23139477896778055,2131.847512760289,0.0010000000069981345,0.003645212284219313,10046.509569314963,31.958696888019528,7.0
347,0.2276453158673218,2119.5546244136026,0.0010000001285021853,0.008166368190238762,10040.516985591777,30.00878598148122,7.0
348,0.22730335898841303,2116.7016149619185,0.001000000000206215,0.0011843177424852942,10038.295628356831,29.599949417379932,7.0
349,0.22735108059948458,2065.00039185355,0.0010000000704682816,0.005567965210479855,10031.606785929402,18.149972324548415,6.0
350,0.23796807284375815,2156.625023335311,0.0010000000142950459,0.00883208187491923,10053.214794706826,34.57970421482135,7.0
351,0.24028747619915342,2166.9058325439046,0.001000000000144723,0.009767542938492694,10054.280423238428,35.44631031811474,7.0
352,0.23929401890533658,2161.8307402865967,0.0010000000018575586,0.007864352706936036,10053.845418402241,35.03823999902033,7.0
353,0.23229952271299936,2134.311756854456,0.001000000000000386,0.0027399278083272663,10047.594926443597,32.269623002057116,7.0
354,0.23395419592585773,2139.980353811622,0.0010000000003223667,0.0023595343123751205,10049.629907417335,32.92879134285498,7.0
355,0.22640566964205944,2114.337634815982,0.0010000000059902123,0.00848056764287295,10036.084216118832,29.219258592551117,7.0
356,0.22647387066501262,2114.1605222721123,0.0010000000054195607,0.001408198496764618,10035.942788861314,29.195937591354017,7.0
357,0.24026864139459939,2169.258808395181,0.001000000059487257,0.005110515860604838,10054.416988011897,35.602995441355844,7.0
358,0.24558124281165208,2065.000000028257,0.001000000001915517,0.004211356748536188,10034.437038778951,18.548258244666158,6.0
359,0.2381462216464635,2158.0404003769104,0.0010000000006110193,0.0019580601637205802,10053.391950905992,34.69757161723828,7.0
360,0.23774675020190028,2154.476393449966,0.0010000000072418,0.0026951668940984348,10052.923229327193,34.399328962234215,7.0
361,0.18849751908536644,2065.0000181793125,0.0010000000170191934,0.001395850118653764,10010.057950825976,17.25932529162923,6.0
362,0.14138735119731458,2065.0000000809664,0.0010000000095542968,0.0034377375370022506,9950.569584811208,16.08935571906114,6.0
363,0.23229952271299936,2137.7783474089897,0.0010000000021467808,0.004244421797787098,10048.74727234944,32.629604201094374,7.0
364,0.23212573741570616,2134.6642882719707,0.0010000000003439035,0.001929064463238504,10047.6929209135,32.298858009083446,7.0
365,0.23349102313178394,2141.4393855433955,0.001000000000454152,0.002078122557878966,10049.957187106369,33.04749344503123,7.0
366,0.23206115417022125,2133.277926140094,0.0010000000873986066,0.006063535144427961,10047.17657704142,32.14706660704102,7.0
367,0.23796807284375815,2157.060849271776,0.0010000000143299279,0.008552711955778978,10053.266610995142,34.61341031024953,7.0
368,0.23213923570805875,2135.5017808235425,0.0010000000028818096,0.007840951123058233,10047.985665976637,32.387765181310215,7.0
369,0.23774675020190028,2153.9473314643346,0.0010000000072418,0.0026951668940984348,10052.850696783204,34.356922710790634,7.0
370,0.236441336605408,2148.5403055751813,0.0010000000055331404,0.002168694286282045,10051.86637729863,33.839855590904804,7.0
371,0.236441336605408,2150.9982700592445,0.0010000000117912006,0.0019456536005489325,10052.290942078605,34.04910085156122,7.0
372,0.23616158962309552,2146.53126559348,0.0010000000057561824,0.0011386798816422695,10051.450658781238,33.64936300505961,7.0
373,0.23150790321532205,2134.098557389745,0.0010000000001441115,0.006167432841480016,10047.388704697589,32.209171997809094,7.0
374,0.24034175420423456,2167.861417826763,0.0010000000002053533,0.0037639312357826025,10054.341457410366,35.51375684540565,7.0
375,0.22811086249741586,2120.432446999302,0.00100000024537813,0.002721418466988242,10041.227419103208,30.146554710573277,7.0
376,0.23942095260467036,2165.4809227730075,0.001000000000144723,0.009509179771242014,10054.142159955116,35.3033297112898,7.0
377,0.231450119962994,2125.8329341978356,0.0010000000008061262,0.004744362727134523,10043.747390791548,31.25989772768495,7.0
378,0.23147747249614678,2128.820134902981,0.0010000000011100069,0.006479548363841465,10045.221547054412,31.618355045345428,7.0
379,0.2376125900458123,2153.4278914441447,0.0010000000029775494,0.004693463413190692,10052.76661957488,34.30819490062851,7.0
380,0.23897941999863453,2163.61590844153,0.0010000000049064843,0.0023988025041881884,10053.9767697961,35.149845904369215,7.0
381,0.187258284752407,2065.000013493075,0.0010000000091401659,0.004590610875167264,10008.993402985929,17.229901758318196,6.0
382,0.23685351758555512,2151.0718781494606,0.0010000000257470026,0.0015350147730876882,10052.34207474999,34.07598662725014,7.0
383,0.2269701616053256,2113.6900596284513,0.0010000000077466235,0.00620998029996817,10035.636982136508,29.146906577450675,7.0
384,0.23997871208316007,2171.0956997756493,0.0010000000022513363,0.00694064956556952,10054.49542121961,35.70757031124339,7.0
385,0.23567294690999807,2146.2058169840916,0.0010000000029284561,0.010573351876967396,10051.332339843706,33.59605933983597,7.0
386,0.23966866490194005,2164.203344190619,0.0010000000003338204,0.005143378845226056,10054.061840526116,35.22711451500342,7.0
387,0.24165895835298448,2174.2856708236664,0.001000000000135369,0.006198756012446013,10054.683553090852,35.99853928177408,7.0
388,0.22722555835920114,2118.7285484449117,0.0010000002455060493,0.006884983652859958,10039.827415355252,29.878412130376347,7.0
389,0.2073973936192463,2065.0000077306495,0.0010000000005308185,0.004685554937750408,10023.31726661396,17.699994590389075,6.0
390,0.2365724382983947,2149.4904767031658,0.0010000000000615983,0.00895724884751002,10052.04948985224,33.92817967895173,7.0
391,0.24282059916976345,2065.0000010831973,0.001000000017999019,0.0013946527158311978,10034.287275332048,18.488662404115892,6.0
392,0.19959708591937425,2065.000000211057,0.0010000000002523205,0.01290959060270558,10018.508820942929,17.519914280919554,6.0
393,0.24168217931902974,2177.2312241198274,0.001000000000135369,0.007039787921333383,10054.77101923045,36.17972998098734,7.0
394,0.24694734105254526,2065.0000000757423,0.0010000000000011402,0.00700250601149921,10034.475135863304,18.577655156846287,6.0
395,0.1597640344011064,2065.0000034799323,0.0010000001964770124,0.006900647244746108,9978.670468294924,16.558955960372224,6.0
396,0.23458121512800412,2065.0000104894784,0.0010000002518264011,0.0035736952920402036,10033.253363994965,18.30925454618119,6.0
397,0.22818865503529273,2117.7418084360183,0.001000000007047912,0.007701738515543373,10039.309816294128,29.784444911649363,7.0
398,0.2315077957101446,2134.331151439011,0.0010000000032700815,0.008632648159375256,10047.472667933784,32.23399301120687,7.0
399,0.23616158962309552,2149.3792517493207,0.0010000000057561824,0.0011386798816422695,10051.989156161917,33.89810130225947,7.0
400,0.22756153022688236,2119.6625641926394,0.0010000000098506268,0.0011909850626659626,10040.573818601526,30.019606588697037,7.0
401,0.2376125900458123,2155.0419889031878,0.0010000000029775494,0.004693463413190692,10052.98774181067,34.43750118908392,7.0
402,0.2391021617633025,2160.3429146878093,0.001000000048267698,0.01016767932436402,10053.69574300771,34.91940386657168,7.0
403,0.2266725977022946,2117.365355789274,0.0010000000444229497,0.0014679450933285075,10038.668823164877,29.665995188011888,7.0
404,0.22546500558818316,2114.255759511706,0.0010000000845197372,0.009269031975824406,10035.772501540647,29.1670140889037,7.0
405,0.23028924862323463,2126.739684722374,0.0010000000579040297,0.0019843361823609555,10044.005125859121,31.316771114870825,7.0
406,0.24052615738284966,2168.761101608304,0.0010000000001202374,0.006355174328036266,10054.400748995495,35.5835561643244,7.0
407,0.23271197469101568,2133.245544805158,0.0010000000000096611,0.0027399278083272663,10047.266802841144,32.174385707531044,7.0
408,0.22676742199199648,2115.645324171368,0.0010000000338949877,0.004574562249675579,10037.302783782932,29.425777894552148,7.0
409,0.22514600125336903,2115.6534070412167,0.0010000000491618968,0.00283864257836154,10036.899986883833,29.357140785149436,7.0
410,0.24252684715276032,2183.503088619219,0.0010000000020788324,0.0012771742552309994,10054.885468044102,36.58815707796049,7.0
411,0.22463672505269786,2065.000001528245,0.0010000000000022693,0.003092651451623857,10030.806909495139,18.08954291178845,6.0
412,0.2345848938681956,2141.3750769056687,0.001000000000183927,0.0029976025540893,10050.085376592097,33.09475105971232,7.0
413,0.23014346430682148,2126.9006209946465,0.0010000000000208189,0.006677947327464626,10044.058663696866,31.329410714064895,7.0
414,0.2388673350821817,2162.7666813935157,0.0010000000011361348,0.0035966692420169306,10053.900401919997,35.083579599259814,7.0
415,0.2285898101940001,2120.2179434269588,0.001000000002457452,0.0030121831828444083,10041.186053070813,30.139202859712107,7.0
416,0.24125724369090862,2173.9442931894055,0.0010000000000336834,0.0020806126962997565,10054.660695217694,35.9559522679745,7.0
417,0.230616478504193,2127.8726574429024,0.0010000000003642154,0.004141254868083304,10044.62386016854,31.46713854187992,7.0
418,0.23808422282667285,2162.9857420436156,0.001000000001971499,0.00422846459940906,10053.86527320229,35.0586040941321,7.0
419,0.22920203217328455,2126.5140671974164,0.0010000000155123666,0.007931479718699003,10043.678357503404,31.239452937298537,7.0
420,0.24068747244928057,2169.875252588908,0.0010000000019996897,0.0036018865688869,10054.46626816488,35.66557966324525,7.0
421,0.2413091572867463,2173.5201182196533,0.0010000000003119484,0.002380522176470847,10054.6468186538,35.93216549804814,7.0
422,0.24199329806165454,2177.1995771990196,0.0010000000040113859,0.0029274361528661315,10054.776970281302,36.194441983587616,7.0
423,0.24012267759578518,2169.0258618822736,0.0010000000000025063,0.004504159015291124,10054.397986030093,35.57992414100749,7.0
424,0.22826925914645485,2118.8402351326995,0.0010000000000675636,0.005363844488037819,10040.145600414542,29.939366530063985,7.0
425,0.2419670253126253,2178.980139124573,0.0010000000000648917,0.003805743312718547,10054.816007018044,36.2988693066327,7.0
426,0.24268025025047438,2180.6645101480563,0.0010000000669758361,0.0019026835443238482,10054.855515945083,36.435270637202024,7.0
427,0.2351888893178088,2143.416953642172,0.0010000000608552933,0.00793968196614922,10050.663011154473,33.317461991123686,7.0
428,0.11786179474980196,2065.0000035912763,0.0010000000002160462,0.0015447747174052741,9903.96058643889,15.459829744146885,6.0
429,0.2426094283918167,2182.3178498522057,0.0010000000724323705,0.008020530938967107,10054.87563139842,36.52597625732386,7.0
430,0.17807395940212878,2065.0000144244077,0.0010000003352192992,0.0017094138697302797,10000.317636831633,17.00971498180016,6.0
431,0.23625935335073567,2149.094880115228,0.0010000000618936447,0.011653748506056551,10051.948577996103,33.87861146947338,7.0
432,0.2416445283179499,2174.1235310715324,0.001000000000135369,0.005955393006921277,10054.677583839573,35.987680190143806,7.0
433,0.24026864139459939,2169.632420861647,0.0010000000002122972,0.004806380925003057,10054.436731941852,35.627602595972256,7.0
434,0.23435622419896937,2143.5362517264116,0.0010000000083691637,0.0037876005743658204,10050.589444208443,33.28762649840628,7.0
435,0.14370971142977146,2065.00026005217,0.0010000000001428916,0.0032277752511413963,9954.499090053872,16.149778368376055,6.0
436,0.24103722565546198,2174.034017622583,0.0010000000002604076,0.005804308560452116,10054.657013294962,35.94986969559742,7.0
437,0.23649015373172677,2149.321404556033,0.001000000000013865,0.001022188754421919,10052.01177501475,33.90959234189781,7.0
438,0.2296150284934373,2065.000001058558,0.0010000000107783181,0.001418754750264051,10032.19827428496,18.19997324777944,6.0
439,0.24175441872206282,2176.7682438248316,0.0010000000001072714,0.006436467620813745,10054.760872615861,36.15572027818943,7.0
440,0.22781546193762045,2120.3056603435075,0.001000000013483778,0.0010474178774971493,10041.075712608308,30.116678946649547,7.0
441,0.1296551104719769,2065.0000036937936,0.0010000000160940046,0.002933954519020578,9928.92573744521,15.779643104065311,6.0
442,0.19828851029805153,2065.000013956254,0.0010000000392338525,0.006438636639153526,10017.612098361282,17.48946497453664,6.0
443,0.10076562663352952,2065.00000142821,0.001000000002159197,0.0067411328990218695,9861.424251354943,14.97967452623661,6.0
444,0.23495490035751584,2142.181358621165,0.0010000000021698108,0.0014633548103289702,10050.335860145948,33.189790171033216,7.0
445,0.2396801476599409,2163.6408329645724,0.001000000008130601,0.0035646136099823076,10054.018668986162,35.18799539808688,7.0
446,0.15385025297178415,2065.00005150203,0.0010000000003735907,0.003582541283496464,9970.359318668825,16.409814380614012,6.0
447,0.23794437413367045,2158.0199285902336,0.0010000000004196689,0.007957705833260923,10053.374528730992,34.68567048182881,7.0
448,0.23168991500873273,2129.0840255536928,0.0010000001741371264,0.007244697202898801,10045.378048248549,31.65894194196262,7.0
449,0.2420754604352888,2178.1297160815366,0.0010000000000894814,0.0018671175837554482,10054.800359135497,36.25440304585105,7.0
450,0.2416445283179499,2176.0166961798736,0.001000000000135369,0.00559314624416387,10054.737656688067,36.10429783119379,7.0
451,0.22954086271864124,2128.8436847472726,0.0010000000013357954,0.008685905273613067,10044.875994134438,31.530961744413553,7.0
452,0.23163350735249866,2131.663240110225,0.0010000000017488,0.008069677462563802,10046.475704125944,31.949476481519262,7.0
453,0.23097024193420984,2065.0000385072567,0.0010000000001296773,0.005300767285199181,10032.518940866197,18.229891147880522,6.0
454,0.22454437272224514,2113.6645456949414,0.0010000000039024667,0.00443239539073582,10034.991482182928,29.039978649196662,7.0
455,0.22635497597233062,2118.852322606061,0.0010000000001435835,0.0010817539328233966,10039.709322106823,29.8570994004996,7.0
456,0.2302409749980487,2127.4044184278923,0.0010000000013460286,0.00942142358335727,10044.326955671138,31.394180775091584,7.0
457,0.11605105374807705,2065.0000002335414,0.0010000000005809047,0.005371401033520474,9899.82392695012,15.409928886536902,6.0
458,0.2387145752228437,2065.0000004603025,0.001000000001470037,0.0028100678300004003,10033.882883431656,18.399545985140687,6.0
459,0.2297182340312738,2126.0690451568416,0.0010000000727090632,0.006356328013843402,10043.551618258402,31.20926546466281,7.0
460,0.23457124944769908,2146.6097871229817,0.0010000004422571367,0.0017839279538288716,10051.285967678867,33.57738876098226,7.0
461,0.2337732092593601,2141.1777829645116,0.0010000000001256508,0.0038193689766758084,10049.927952277532,33.03618062135673,7.0
462,0.22936100917860397,2127.458804709401,0.0010000000028142684,0.0029143611523723685,10044.182809509664,31.359936787054345,7.0
463,0.2291523048984238,2065.00000177261,0.001000000000353373,0.014618581471392781,10032.083125504018,18.189746814111377,6.0
464,0.12557060609193457,2065.0000003567416,0.0010000000182301735,0.012998111546207378,9920.657811464454,15.669874291438374,6.0
465,0.1349310809767285,2065.000000027536,0.0010000000000043878,0.0021154740295640604,9939.036637904665,15.919924349828806,6.0
466,0.22661892413945342,2119.151021727214,0.0010000000000058296,0.0013410442515439766,10039.989375359572,29.909198119712297,7.0
467,0.23280962296447033,2139.2360753911807,0.0010000000025331924,0.009548785792897599,10049.257972596844,32.799981361974446,7.0
468,0.22818530202920392,2121.269486594235,0.0010000000000392963,0.0023565448357937132,10041.800334829442,30.259993428555767,7.0
469,0.11969006279757358,2065.0000000175855,0.00100000000012052,0.0033401516267891665,9908.05318644604,15.509992272306674,6.0
470,0.24052694803536373,2170.140065775839,0.0010000000020991993,0.005708333791804288,10054.473337486183,35.67445845948573,7.0
471,0.2317963266983758,2136.0456504997637,0.0010000000059857503,0.003482814896748761,10048.113107889605,32.428015604881736,7.0
472,0.1735564608165619,2065.0000044647327,0.0010000000003428332,0.004601244059844448,9995.529309477413,16.899995418655262,6.0
473,0.20128275602369794,2065.0000180492516,0.0010000000044207763,0.0013720397780807437,10019.625393501454,17.559043584981936,6.0
474,0.22613550260393897,2112.875728747657,0.0010000000200520204,0.0014463456252648923,10034.671668838006,28.988694756209657,7.0
475,0.12631242642966378,2065.0000000000064,0.001000000001963531,0.004410698835276917,9922.188607454149,15.689887101072056,6.0
476,0.18978124719190653,2065.0000019096474,0.0010000000001481935,0.009085922879244658,10011.13471464633,17.289729225504,6.0
477,0.12854423195784073,2065.0000000000155,0.001000000001963531,0.0017861955339927458,9926.715743098135,15.749890321139707,6.0
478,0.23206115417022125,2135.7091125332963,0.0010000002278952667,0.00220455999780094,10048.043195303046,32.40569666431867,7.0
479,0.23827220526087556,2161.0685491629392,0.0010000000002310244,0.005889837280822714,10053.710062977776,34.92994928446757,7.0
480,0.14524097028413616,2065.0000011891752,0.0010000000073924593,0.007098264756278948,9957.028638736989,16.189351924886104,6.0
481,0.2256933417263337,2113.132148056707,0.0010000000516076505,0.0044232472588072586,10034.80147743449,29.008834433047262,7.0
482,0.2317866927358328,2134.7170842790665,0.0010000000050655099,0.0018998082586448987,10047.656513817079,32.288287631946496,7.0
483,0.14642217980404487,2065.000000065553,0.0010000000000005495,0.0018767717237731637,9958.946541269856,16.219836526075213,6.0
484,0.2314964891010372,2127.794445361823,0.0010000000035945988,0.003643286263191523,10044.742163624878,31.498614462055606,7.0
485,0.20304602030964494,2065.000000121768,0.0010000000000145136,0.004615760650014323,10020.74740223377,17.59984017510187,6.0
486,0.22839117458859254,2121.420362305035,0.0010000000139424549,0.009608369259196234,10041.943291320995,30.288821594536575,7.0
487,0.23649015373172677,2150.8245077896863,0.0010000000000012397,0.0010012615391428478,10052.267392978485,34.03700230456689,7.0
488,0.22720133566371595,2118.1247877227242,0.0010000000196926416,0.006370503592903815,10039.374764613054,29.79449947397856,7.0
489,0.2403207852004229,2167.520994935827,0.0010000000013805385,0.004613180084415833,10054.320109094355,35.4897323876003,7.0
490,0.23313811630658904,2137.255315373509,0.0010000000002294582,0.001161694272527955,10048.71170334339,32.61691550082617,7.0
491,0.24186369085988899,2173.6488262113835,0.001000000002845391,0.004504723289456788,10054.665777321345,35.969631660085064,7.0
492,0.22819379391889727,2126.4864223426544,0.001000000020603251,0.007701738515543373,10043.453203637107,31.189624780055087,7.0
493,0.23349102313178394,2141.641185044723,0.0010000000003029842,0.0013419943104865987,10050.009179370474,33.06677864879601,7.0
494,0.13947692351027133,2065.000000233483,0.001000000003000445,0.005366961916278316,9947.251034391049,16.039471431630023,6.0
495,0.12004626115619886,2065.0000120733434,0.0010000000127420047,0.003294548192125889,9908.84078192431,15.519742711956443,6.0
496,0.15070971440628494,2065.000000112884,0.0010000000003933577,0.0029408515522531676,9965.668908109605,16.329848245673066,6.0
497,0.23543565909919348,2143.741456902441,0.0010000000070727036,0.003300871476898967,10050.767218604678,33.359766597732865,7.0
498,0.23185124413885774,2132.3837149217593,0.0010000000011170056,0.003319554149532241,10046.798935046983,32.03945454102952,7.0
499,0.23711851322348493,2154.232622193997,0.0010000000110795782,0.003308580931819863,10052.837268226558,34.34795711933335,7.0
500,0.22817055064656616,2120.281763632516,0.0010000000000653377,0.0016012999956423676,10041.138473125147,30.129188608007077,7.0
501,0.23166241264246334,2129.7826469354122,0.0010000000015983205,0.012902307802274023,10045.686143431418,31.73831339463008,7.0
502,0.23867248674586863,2158.5015902918312,0.001000000000979749,0.0024674472324628855,10053.47949871492,34.759557850282384,7.0
503,0.18890219295759467,2065.000068508549,0.0010000000120474867,0.006600501279410803,10010.400175571693,17.268931614784996,6.0
504,0.23576562788878375,2120.988239188876,0.001000000000553711,0.0013737395358683203,10042.89728841083,30.557838135587584,7.0
505,0.2206283075062196,2065.000004607303,0.0010000003109485807,0.006129378986191599,10029.439412289983,17.99996977813846,6.0
506,0.10603271001648049,2065.0000055216933,0.0010000000012714283,0.003670189117274112,9875.382145485197,15.129805930721302,6.0
507,0.1164154223355248,2065.0000001064086,0.0010000000003891666,0.0035608671794908143,9900.663052770236,15.419987611071221,6.0
508,0.22948766785980174,2130.318722676464,0.0010000000001609082,0.006878544009583798,10045.52252599285,31.697662079494798,7.0
509,0.22599356246182808,2065.0000005608035,0.001000000000520049,0.0027614494266629945,10031.219577200083,18.119729489058088,6.0
510,0.22829458153501114,2121.0560091366324,0.0010000000037895611,0.008887744533450192,10041.684334271638,30.236904012595936,7.0
511,0.14063508755784998,2065.0000012897817,0.0010000000012357956,0.005336985837397539,9949.272166719145,16.069738066459117,6.0
512,0.23206115417022125,2133.6415062302053,0.0010000000096783888,0.006063535144427961,10047.31239846874,32.186388418603755,7.0
513,0.14758936321836164,2065.0000000359755,0.0010000000250008744,0.009382173376898473,9960.813485672097,16.24988390948859,6.0
514,0.23412119527148,2137.780437328834,0.001000000000001718,0.0010280008847889743,10049.011368361778,32.71765170014009,7.0
515,0.1334129347817074,2065.0000087216263,0.0010000000035357854,0.001587783631192981,9936.191706893347,15.87973160231591,6.0
516,0.10886604566680014,2065.0000026948983,0.0010000000013525852,0.0013776600601725828,9882.56837482158,15.209737167583338,6.0
517,0.23107515914714025,2130.828333064251,0.001000000098239246,0.00691897976478529,10046.035160253232,31.82973992317806,7.0
518,0.23587405784339063,2147.19941175947,0.0010000000000931362,0.003513880484330847,10051.553753355987,33.69434788032896,7.0
519,0.2386892232108253,2120.7891693516567,0.0010000000000573636,0.004372440071053121,10043.058258711571,30.65947890824145,7.0
520,0.23923910861208422,2166.4077914294267,0.0010000000000142033,0.008782701479182729,10054.195063018986,35.35754778476787,7.0
521,0.2289953869709912,2125.7578997987907,0.0010000000039046058,0.008191236071054191,10043.24340559473,31.13809779802293,7.0
522,0.2312134662345712,2124.789360870895,0.0010000000372661026,0.0056465173204548556,10043.144720931137,31.119974749724076,7.0
523,0.23731792817495456,2153.4887902262108,0.0010000000078803832,0.0016734059897390095,10052.750606364742,34.29821051216393,7.0
524,0.2266725977022946,2118.987342342656,0.00100000005085829,0.0024077590291582194,10039.88441660624,29.88937945804721,7.0
525,0.2280629349122458,2121.420362305035,0.0010000000140928727,0.009548223503744863,10041.871460146667,30.274234585144647,7.0
526,0.23255177035997932,2135.9043579313643,0.0010000000000395645,0.0014285852708130482,10048.18614436261,32.44953845022901,7.0
527,0.22561772361351679,2115.4620158309094,0.0010000000376431343,0.0018011484456140865,10036.861500658622,29.349851867734802,7.0
528,0.2309657931438643,2127.4159083453383,0.001000000004621085,0.006039956723794472,10044.465506227429,31.429053632498974,7.0
529,0.14179053157570362,2065.000002356298,0.0010000000143641828,0.0038906231570741494,9951.259987178055,16.09985736809088,6.0
530,0.1274206144092287,2065.000009288785,0.0010000000021258854,0.0019067432457673273,9924.451138550896,15.71972200704112,6.0
531,0.151866012485803,2065.0000010245385,0.0010000000000502725,0.0018485121471731657,9967.418565448375,16.359347305737845,6.0
532,0.23188243644184003,2065.000000345859,0.0010000000036583523,0.009281566843325123,10032.720973899544,18.24997454687721,6.0
533,0.23086929788160113,2131.901243586869,0.0010000000040712685,0.005956346171089319,10046.439467993752,31.939868790045722,7.0
534,0.15820507252682284,2065.0000004053536,0.0010000000004766528,0.004704698004707009,9976.544723420278,16.519811626249226,6.0
535,0.19785084285490143,2065.0000002412794,0.0010000000000624709,0.006214602359432114,10017.306396393316,17.479260248846362,6.0
536,0.11677779866982184,2065.00000079974,0.0010000000001155762,0.006503415467234628,9901.494221737323,15.429982731735574,6.0
537,0.17069244286626312,2065.0000000434115,0.0010000000010003322,0.007313833654569267,9992.309873842585,16.82993831960625,6.0
538,0.1936068388551589,2065.0000053413846,0.001000000000413986,0.0013281337271964337,10014.187840540704,17.379926777837287,6.0
539,0.20781264565198523,2065.0000039896972,0.0010000000000844513,0.0010013224265776244,10023.547856814357,17.709511635687498,6.0
540,0.17557851572274585,2065.0000000035216,0.001000000000005165,0.002005765974605139,9997.716153599391,16.949221841358384,6.0
541,0.15304867761602103,2065.0000000061145,0.0010000000000877965,0.0033808659103690217,9969.180705911082,16.38944481653472,6.0
542,0.19572580235427134,2065.000065375265,0.0010000000016283312,0.004872757955690875,10015.779783133428,17.429633305126657,6.0
543,0.23278288231192026,2121.1407504555873,0.0010000000007291733,0.0021815570658072197,10042.58400559592,30.44664930251146,7.0
544,0.2264795454040362,2119.348882958691,0.001000000024055182,0.009532443048126853,10040.09688517518,29.92978350327493,7.0
545,0.22683919463375493,2117.4093590350626,0.0010000000111591199,0.014454772162144183,10038.743121609115,29.679388158411136,7.0
546,0.23878580573388386,2162.7666813935157,0.0010000000011361348,0.0035966692420169306,10053.895209475957,35.07935328591138,7.0
547,0.23841194385518227,2157.9672698905015,0.0010000000042294382,0.0058867630354238615,10053.402937088316,34.70561286306197,7.0
548,0.23584963315452367,2143.1866388431395,0.0010000000000945954,0.006137475598211718,10050.682817353105,33.32838576872873,7.0
549,0.23646611823568678,2151.2101611943463,0.0010000000230335896,0.004567555142784288,10052.32755572684,34.068045503529476,7.0
550,0.22510530741922125,2065.000005344743,0.0010000000005769643,0.0015382412734498922,10030.952268012845,18.099976544563,6.0
551,0.13266604774753463,2065.0000003392042,0.0010000000000734124,0.008725307537259107,9934.773119884612,15.859904551508365,6.0
552,0.15741603829157397,2065.0000002750767,0.0010000000048073527,0.006923772830841355,9975.451101826846,16.499952388931256,6.0
553,0.18639777952815761,2065.0000021591936,0.0010000000105817222,0.008712229437855283,10008.239581744045,17.20942883311047,6.0
554,0.15149569214554962,2065.000093853569,0.001000000000895064,0.00556072100351018,9966.861009290045,16.349929822114692,6.0
555,0.23773554966448684,2155.859929228756,0.0010000000100980461,0.008064426396777782,10053.10261985815,34.508199842789296,7.0
556,0.2388712031792032,2165.7796168777163,0.0010000000232520908,0.003466099496799762,10054.130584517288,35.2952482064671,7.0
557,0.23942066451244753,2166.7017977745213,0.0010000000002478083,0.004592115571482292,10054.224486661717,35.387094344404936,7.0
558,0.23708440432414332,2152.6614510193654,0.0010000000000884393,0.002718364431217347,10052.609681183589,34.21909574437777,7.0
559,0.22654795072964198,2121.586173355026,0.001000000000016929,0.004280638066653385,10041.628290423749,30.22833947436572,7.0
560,0.23724951878337827,2151.952904109228,0.00100000002032509,0.004872075872384619,10052.51677992008,34.16916642674842,7.0
561,0.2437454544658282,2065.000000088454,0.0010000000009994568,0.002679666317802999,10034.348341613668,18.508656161382707,6.0
562,0.236027375021678,2152.2093542339976,0.0010000000001152344,0.003506302784503666,10052.440091596918,34.128639904821824,7.0
563,0.2259570981634522,2116.534135286042,0.0010000000040677381,0.001051358673041428,10037.834055109905,29.517948490820768,7.0
564,0.23182015761337815,2133.5920862540447,0.0010000000639594788,0.0019072217473815394,10047.254738135285,32.16961766588654,7.0
565,0.23414060702403974,2140.104221912967,0.0010000000000017818,0.0010280008847889743,10049.688843592674,32.94997315469062,7.0
566,0.2335850215460656,2142.3598559085217,0.0010000000000004638,0.0027403587140149128,10050.203447930158,33.13959159488243,7.0
567,0.23051455065372672,2065.000007759265,0.0010000000191312667,0.001939518969424848,10032.413874801276,18.21983350534264,6.0
568,0.22312589792001541,2113.9902478518484,0.0010000000006919006,0.001323570043262763,10034.887765250525,29.02786865472968,7.0
569,0.23150727443425953,2135.1221381923287,0.0010000000263704234,0.005010789706858612,10047.751657575196,32.31770690685085,7.0
570,0.23280962296447033,2136.811586821045,0.0010000000005905324,0.01020676470185208,10048.522302968573,32.55570386591191,7.0
571,0.24246091054378585,2181.7574997797274,0.001000000000284199,0.009429710938604906,10054.867667159106,36.486153500255966,7.0
572,0.22284902256619457,2065.000191384643,0.0010000000618285182,0.002550332753343591,10030.224331164784,18.049719238310598,6.0
573,0.20000985864193263,2065.000016418968,0.0010000000001333473,0.006649223728198434,10018.786219625188,17.52950983153479,6.0
574,0.24252684715276032,2182.8527530551955,0.0010000000000631784,0.004781829914332943,10054.88003044831,36.551710156432534,7.0
575,0.23757370013517137,2156.0735468141183,0.0010000000359106003,0.0010416718241021995,10053.116202187377,34.51666042226942,7.0
576,0.24180262949773326,2176.9455075153714,0.0010000000007583671,0.0010271664218851704,10054.766560258811,36.168981317631044,7.0
577,0.23153144578660473,2132.430174657408,0.001000000000022603,0.008201017807005212,10046.763789203087,32.0294552019078,7.0
578,0.24125724369090862,2174.8264970552295,0.001000000000054851,0.0021465978479768746,10054.690771775986,36.010710165009485,7.0
579,0.2334936914775433,2138.472136575088,0.001000000000041847,0.0016201620257413542,10049.134201143652,32.75707753172675,7.0
580,0.23424675280444124,2141.8038313615825,0.001000000000017055,0.00304988138799693,10050.152378855078,33.119246836159704,7.0
581,0.22645205881529018,2118.1008512800017,0.0010000000046731857,0.003215366588796921,10039.17738690245,29.75847853780286,7.0
582,0.23975220738740047,2166.8424026162597,0.0010000000092255954,0.003576170288763378,10054.251056470835,35.41400381451549,7.0
583,0.22756153022688236,2118.775792359516,0.0010000000039705758,0.008905795392212847,10039.93989915158,29.89957711723778,7.0
584,0.23906482831767709,2163.808480307886,0.0010000000106684095,0.007178173857389511,10053.997184386268,35.16790022635256,7.0
585,0.24149002204375503,2065.0000552560678,0.0010000000097840007,0.011076874453325655,10034.180074434367,18.45986190141785,6.0
586,0.23409886499158258,2139.3104611354634,0.001000000000016029,0.002662802164777315,10049.46086254829,32.869845813472395,7.0
587,0.23892924164008356,2161.8358666222925,0.001000000007449552,0.003515032011631092,10053.823893367025,35.01975231326521,7.0
588,0.24770523828496843,2065.000000002941,0.0010000000222525056,0.007152639061812558,10034.486020051932,18.59393754674836,6.0
589,0.23125069351194166,2130.034397290553,0.001000000001791428,0.00851714579206008,10045.726042423463,31.74789808518827,7.0
590,0.23286969494294418,2138.4880317717775,0.0010000000116921896,0.002270136896727462,10049.048592808442,32.72849867760422,7.0
591,0.2309123197891757,2125.221876560748,0.001000000004408267,0.0023864206819917124,10043.32690432805,31.15999056253792,7.0
592,0.24052694803536373,2168.0792974889305,0.0010000000003336762,0.005708333791804288,10054.361996616866,35.53808677979215,7.0
593,0.23780555416715804,2155.1648028912773,0.0010000000002523828,0.007974348896852215,10053.019276659472,34.45703495083581,7.0
594,0.23274397162155852,2139.762054956066,0.0010000000000060186,0.0016241870050623668,10049.39723841083,32.84858363965987,7.0
595,0.23141647090328285,2065.0000000008795,0.0010000000000025687,0.0019450754580067064,10032.619187318453,18.23971376818385,6.0
596,0.22634518502517964,2116.9023555629965,0.0010000000000494047,0.006930624990411787,10038.22540146162,29.586802075563064,7.0
597,0.2323351385829702,2065.0000002023376,0.0010000000004008246,0.0060259022181822375,10032.81709250858,18.259935766641657,6.0
598,0.22509557081851642,2115.199640569805,0.0010000000000055013,0.0039814649820040455,10036.501813309605,29.289410908480626,7.0
599,0.11496810986547504,2065.000000005703,0.0010000000000100115,0.0014462657754487885,9897.309811342997,15.379980596634615,6.0
600,0.23495490035751584,2145.1986595947246,0.0010000000100315806,0.007547317586059151,10051.037705023979,33.46975496935666,7.0
601,0.23784438518668194,2157.7448324394377,0.0010000000003130723,0.0022743190729900367,10053.335951978863,34.65957359855356,7.0
602,0.23440218547117186,2140.6335913399835,0.0010000000013525852,0.0010959475516467252,10049.86664076945,33.01427165185632,7.0
603,0.24105747790144352,2172.789055602862,0.0010000000212290249,0.011376381207146341,10054.610961132268,35.87277303396397,7.0
604,0.23719269251737515,2154.580633451484,0.0010000000030073184,0.0022997521893469977,10052.891051803992,34.379512360609,7.0
605,0.23150727443425953,2128.2804663266215,0.0010000000017607812,0.004446707123307593,10044.975459139623,31.556531590159228,7.0
606,0.2312134662345712,2129.4280559806257,0.0010000000075552813,0.005932378022378403,10045.451768863182,31.676563505150146,7.0
607,0.2295999626377693,2126.1953975653264,0.0010000000000179626,0.00782858725480866,10043.594051583383,31.21919151848154,7.0
608,0.23367898467656492,2140.5698242037697,0.0010000000000404013,0.013693093091394005,10049.753550616695,32.9728684503423,7.0
609,0.23349102313178394,2138.5957955522476,0.0010000000001464647,0.001998152550525056,10049.170434055217,32.769323897302534,7.0
610,0.23213923570805875,2121.248869885065,0.0010000000000353379,0.007623804888705826,10042.550003472115,30.432469739653133,7.0
611,0.2391406355813589,2158.6903347282887,0.0010000000072256914,0.0027851777144510767,10053.529624605111,34.79784137671619,7.0
612,0.23587405784339063,2147.10802059743,0.001000000000520659,0.003024356686567148,10051.535785932629,33.68627759967462,7.0
613,0.23465596652496754,2138.431908705332,0.0010000000004756302,0.0013049343086348863,10049.276817429365,32.80917887905341,7.0
614,0.2379822623929507,2156.3529409735393,0.0010000000017602894,0.004525471831426112,10053.182907840132,34.55928380162621,7.0
615,0.22818432773563865,2121.2864828498064,0.001000000020603251,0.007848575376104953,10041.811182810276,30.26216974574424,7.0
616,0.2313842611112052,2128.6068075857993,0.0010000000031810904,0.0010255708032519326,10045.106956281252,31.589109390172556,7.0
617,0.2248711808694331,2114.542800210816,0.0010000000002494405,0.0013899105580586994,10035.870767729517,29.183918506560573,7.0
618,0.24052615738284966,2171.4458479979357,0.0010000000000825841,0.0037457238537119252,10054.535053569634,35.75902277232564,7.0
619,0.22648232570527724,2117.7959781450695,0.0010000000000027931,0.006649785979657127,10038.953984564552,29.717654633806013,7.0
620,0.1281678289333981,2065.0000000494156,0.0010000000066017758,0.003656739143945345,9925.960404527292,15.739792166870766,6.0
621,0.2459778798357552,2065.000000174724,0.0010000000000001715,0.00492877656834162,10034.450548896424,18.556799859506693,6.0
622,0.18936836725074416,2065.00000404515,0.0010000000001962883,0.008046156705456548,10010.791290689474,17.27995755345151,6.0
623,0.22624787981497788,2114.9911071151314,0.001000000051584343,0.0024852554294050653,10036.618186101405,29.308508880462448,7.0
624,0.23841415146307005,2158.92393785811,0.0010000000002088297,0.001003942019555846,10053.50698518459,34.778183419254596,7.0
625,0.23791131254953396,2158.7384079730555,0.0010000000000100115,0.0014462657754487885,10053.450409172417,34.73839199312125,7.0
626,0.23055630363505775,2128.4149866723856,0.0010000000000931829,0.002038118184723543,10044.870089448328,31.528192805844856,7.0
627,0.23998976866569383,2170.150741905698,0.0010000000001493536,0.0013994807734365392,10054.450523567071,35.646857580705635,7.0
628,0.22550673221966447,2115.1092654550994,0.0010000000000379146,0.001685315923132894,10036.5318594905,29.293939735369534,7.0
629,0.23825299483098974,2159.1723821000264,0.0010000000003184998,0.0031486856834841807,10053.521610081209,34.78856752311666,7.0
630,0.2309123197891757,2128.663150578211,0.001000000004408267,0.0024001672578710482,10045.05021938972,31.5737652304273,7.0
631,0.22941039873687485,2127.6898153511966,0.0010000000008422317,0.006677947327464626,10044.305189415507,31.3896207278522,7.0
632,0.2419153644079075,2177.671210775343,0.0010000000000066026,0.0010029771271947725,10054.786801335733,36.218530061581156,7.0
633,0.2388673350821817,2163.121808597141,0.0010000000214498072,0.008755566259355313,10053.929853816544,35.10893763659846,7.0
634,0.23043871603331464,2125.7043539610368,0.0010000000008343294,0.004526941900018379,10043.49797822744,31.197770352209524,7.0
635,0.22578152843498478,2113.707286978124,0.0010000000008077087,0.003144050434235396,10035.357956045407,29.09898753244556,7.0
636,0.23286969494294418,2138.560944165351,0.0010000000116921896,0.002270136896727462,10049.070203823823,32.73578813662537,7.0
637,0.23908287825234792,2165.95148618236,0.001000000003745004,0.0027180440855729994,10054.155300621658,35.31812168562062,7.0
638,0.22512415490087145,2114.977157955845,0.0010000000000018555,0.004631986849108534,10036.317766992735,29.258290245256056,7.0
639,0.24072168635124563,2171.1108001740217,0.0010000000000883206,0.001000786265163745,10054.527374917268,35.747763535509485,7.0
640,0.23349102313178394,2138.772839846612,0.0010000000000106872,0.006500485189120855,10049.22248653199,32.78700058607481,7.0
641,0.2339851477220546,2145.395029955401,0.0010000000000000347,0.0010142046134824804,10050.958392159686,33.439539242615254,7.0
642,0.23098267073746154,2130.6685429017407,0.0010000000058572728,0.007931479718699003,10045.951503717026,31.807371995472327,7.0
643,0.23587405784339063,2148.3781551045663,0.0010000000001941602,0.0013968290927938154,10051.778439669191,33.79748237870263,7.0
644,0.2333128617027941,2137.7560489348825,0.001000000000224415,0.0013049343086348863,10048.892390280409,32.67622765522625,7.0
645,0.2334936914775433,2139.469474874784,0.0010000000000330682,0.0015900079008833844,10049.423613919187,32.856216406879334,7.0
646,0.23588554038718534,2152.40221162018,0.0010000000037231767,0.00511190207241985,10052.454671137311,34.13729711420209,7.0
647,0.1244609054806571,2065.00000000571,0.0010000000048073527,0.004648840649420963,9918.343418608029,15.639872081419508,6.0
648,0.2348082206578031,2120.8951891832603,0.0010000000001012927,0.001269209864047947,10042.716099158455,30.503344404918863,7.0
649,0.24116372588476592,2173.4751593243263,0.0010000000000355623,0.006700151958716859,10054.64076240116,35.9216345274068,7.0
650,0.2275833725118514,2119.500385423736,0.0010000000224435744,0.003718704384565977,10040.464723985478,29.998759445048282,7.0
651,0.23935045457100604,2165.8286617214644,0.0010000000000623857,0.003602539539165896,10054.162388752595,35.32364636854747,7.0
652,0.2364404235191629,2151.814228404255,0.0010000000029422422,0.00738791177710769,10052.420581410734,34.116914566577044,7.0
653,0.23445052638491914,2140.742774704786,0.0010000000028661405,0.0017517504137258013,10049.902036465977,33.02721406963387,7.0
654,0.16865533407287836,2065.000000000116,0.0010000000014860288,0.0020755551266134348,9989.931766419513,16.779870251734458,6.0
655,0.23625935335073567,2150.140855955427,0.0010000000316134972,0.0030644999231896164,10052.130637952967,33.96781251120381,7.0
656,0.23014346430682148,2128.4156293397973,0.0010000000000061026,0.0066969677164595166,10044.79346857918,31.50908813312442,7.0
657,0.23098267073746154,2130.422525380311,0.0010000000058572728,0.007931479718699003,10045.846711020376,31.779525360110426,7.0
658,0.24034175420423456,2171.870046710643,0.0010000001049484193,0.0027803828274204604,10054.546077556297,35.77646424756292,7.0
659,0.236865125169485,2152.40221162018,0.0010000000037231767,0.00511190207241985,10052.550978637819,34.18678009528692,7.0
660,0.23871558506897048,2163.3676514409663,0.0010000000000770337,0.002339179867067443,10053.940185515823,35.11854481503147,7.0
661,0.2245989918270893,2113.1664203256346,0.0010000000001699828,0.0018032488608914774,10034.543652414863,28.96762005871849,7.0
662,0.23349102313178394,2136.340135911532,0.0010000000000517139,0.001998152550525056,10048.468999030496,32.53978883081099,7.0
663,0.23937379876519493,2120.7891693516567,0.0010000000001187453,0.0038254210693181284,10043.110638159753,30.689437722625946,7.0
664,0.24237997998508387,2178.912013014969,0.001000000000673422,0.005600437728689443,10054.82169513348,36.316978769209804,7.0
665,0.24252684715276032,2179.6274739824967,0.0010000000034436015,0.002414321193512629,10054.837028292119,36.36681636519108,7.0
666,0.23349102313178394,2143.145637541027,0.0010000000000087955,0.002952991250897439,10050.381713502557,33.20871512816556,7.0
667,0.24052615738284966,2167.544592707427,0.0010000000005280173,0.008456736478831196,10054.330157425848,35.50207753651037,7.0
668,0.2348832248833268,2145.860316026771,0.0010000000000942911,0.0023701688746051515,10051.170061973211,33.5259363089374,7.0
669,0.22550843501066675,2116.116274169788,0.0010000000009578293,0.0018914647026580765,10037.379221301537,29.43910832185625,7.0
670,0.24252684715276032,2182.0312629788714,0.0010000000002184574,0.0013930051299431974,10054.871654762283,36.505276443391764,7.0
671,0.24252684715276032,2179.8399898035495,0.0010000000005470008,0.001466460793631593,10054.840722447281,36.37921569470402,7.0
672,0.23165014639989884,2134.119516811367,0.0010000000000326378,0.006188941805248425,10047.420148933035,32.21818244986491,7.0
673,0.22661892413945342,2113.2698052403207,0.001000000005522751,0.0051461221260291215,10035.163113886558,29.068818913545915,7.0
674,0.14102790717491795,2065.000002881963,0.0010000000000358656,0.0010695443873635444,9949.951164164944,16.079986616654352,6.0
675,0.23165014639989884,2133.372582206134,0.0010000000007328077,0.006188941805248425,10047.144720290538,32.137833087820134,7.0
676,0.22713074323406496,2119.3380725156285,0.0010000000000025006,0.0022925956887176317,10040.2449110366,29.956970870424634,7.0
677,0.23844805684113668,2159.4171267316883,0.0010000000003668632,0.0033546774477238783,10053.56072858509,34.81691784745298,7.0
678,0.2267766137658793,2120.3748758177376,0.0010000000003230847,0.008635398470912199,10040.881862147973,30.07992028554964,7.0
679,0.23543565909919348,2146.6975684022104,0.0010000000012822083,0.003250791680641697,10051.406115373135,33.628130574644736,7.0
680,0.22636431616369407,2118.2810960128886,0.0010000000076294726,0.003094196705722485,10039.290872591806,29.779446683509732,7.0
681,0.23373771339243657,2139.1640783884986,0.0010000000000418496,0.0020139292143553436,10049.37025994191,32.837844917595596,7.0
682,0.23841415146307005,2156.7100241297157,0.001000000000137056,0.002474417549472261,10053.257798629926,34.60906556193612,7.0
683,0.23145753080977824,2133.372582206134,0.0010000000002799978,0.0062401650390334655,10047.112316911633,32.12869491965049,7.0
684,0.13040912160953577,2065.0000019590984,0.0010000000000006018,0.007105418351369074,9930.409550411187,15.799793894127761,6.0
685,0.2373214852791228,2065.0000034799323,0.0010000000000805703,0.0011227605254747388,10033.695856182803,18.369180519477123,6.0
686,0.22550843501066675,2117.087760280277,0.0010000000028698647,0.0010271824556699408,10038.160847303336,29.57652994038982,7.0
687,0.22824304877384433,2065.000019200419,0.0010000000344677442,0.0030411474857182075,10031.848363691006,18.169633834581713,6.0
688,0.23506732715211326,2145.2275207066787,0.001000000000000518,0.0012054704214927642,10051.057261201913,33.47793173807788,7.0
689,0.24180262949773326,2177.9653261014378,0.001000000003205909,0.004598954388138479,10054.791173578826,36.23003732098497,7.0
690,0.24136138138556673,2172.4138441825207,0.001000000000535637,0.0012251257310278508,10054.60517241468,35.865052337097765,7.0
691,0.22736586155174732,2118.9846878737803,0.0010000000018219482,0.006756243849035374,10040.046418112588,29.919443592865317,7.0
692,0.23573121505648253,2147.9046295413495,0.0010000000002963196,0.006053848324635845,10051.674429077477,33.749142830272056,7.0
693,0.17313346006960653,2065.0000343758293,0.0010000000000603291,0.004059619083007634,9995.062827461285,16.889680467175108,6.0
694,0.21840062092598073,2065.000014078988,0.0010000000006114766,0.005572158674489886,10028.583308462003,17.949933314649876,6.0
695,0.2396293999716114,2065.000004954663,0.0010000000103970604,0.001917901388096845,10033.99190756272,18.419452156050003,6.0
696,0.2302670015126273,2127.5209341716613,0.0010000000001993811,0.0019586444383571057,10044.388840543865,31.40925118812695,7.0
697,0.23606568631988722,2142.450722069569,0.0010000000040917847,0.007574884865040147,10050.527889486246,33.26966957091495,7.0
698,0.23827220526087556,2158.15820449389,0.0010000000049840282,0.00887828331484657,10053.414180458592,34.71298810278487,7.0
699,0.23364007969928133,2137.9155678114726,0.001000000000135947,0.0030041678222311793,10048.987315489712,32.708142147208164,7.0
700,0.23565848241823462,2145.8951103127897,0.0010000000009792486,0.003543265587015482,10051.266300358417,33.56747024021644,7.0
701,0.2353149204080404,2144.155699715716,0.0010000000630272067,0.0029807502203096437,10050.848456438776,33.392138040571226,7.0
702,0.23035052702253891,2128.680861346954,0.0010000000016977485,0.0024001672578710482,10044.95592325725,31.549708194431485,7.0
703,0.23942066451244753,2163.9893133760775,0.0010000000000757313,0.007124596326290606,10054.031954113663,35.19915174131128,7.0
704,0.23930527006856464,2164.1305465166242,0.0010000000427045049,0.002310369724606832,10054.036300419142,35.20310201034208,7.0
705,0.23937447805056933,2168.069911473095,0.001000000000187704,0.0018431057284093886,10054.306241030268,35.47701492838593,7.0
706,0.19443766073903995,2065.0000000371365,0.0010000000002123954,0.004587511533720442,10014.82041181961,17.39943126022977,6.0
707,0.1590043364547295,2065.000000163929,0.0010000000001498081,0.0016116063338297401,9977.640429117691,16.53989562195445,6.0
708,0.2369165885620829,2153.007436801771,0.001000000000195833,0.00613867387266521,10052.64562683869,34.23884386010021,7.0
709,0.2269006892446285,2117.087760280277,0.0010000000028698647,0.0010271824556699408,10038.506725844685,29.636992242744082,7.0
710,0.23409886499158258,2142.7076953814035,0.0010000000000021454,0.0019912318219272532,10050.358127311098,33.197561100598904,7.0
711,0.23180322828188193,2132.7634865906107,0.0010000000008005142,0.006734850458608505,10046.938604580164,32.0788331160316,7.0
712,0.23323074846052877,2135.7691143580605,0.0010000000000871339,0.0010006298746723572,10048.242379959738,32.46793265515918,7.0
713,0.23565848241823462,2147.0397728000225,0.0010000000009792486,0.003543265587015482,10051.499057324978,33.66952850948775,7.0
714,0.22654795072964198,2113.5993576691035,0.001000000000020347,0.004316785969983844,10035.451180109381,29.115388691716884,7.0
715,0.2188032717626714,2065.0000000031573,0.0010000000135210773,0.006042181963555713,10028.743253584687,17.958987748111976,6.0
716,0.23480659509737292,2142.8832585571695,0.0010000000013444992,0.012773527327430857,10050.490243208858,33.248774658302864,7.0
717,0.2264138367355641,2115.982019421133,0.0010000000025353667,0.0037021167080392107,10037.496979046122,29.4589812249785,7.0
718,0.236250790535185,2146.818272349067,0.0010000000008053792,0.0038173940859656435,10051.517507451344,33.67932693193952,7.0
719,0.24032763366917034,2168.0004989535155,0.001000000000053309,0.0032052989991402433,10054.3490582656,35.52235494679533,7.0
720,0.22621151136934914,2115.760851449951,0.001000000000075133,0.001045764304413845,10037.263131239217,29.418500857431138,7.0
721,0.2332015969129651,2065.000065375265,0.0010000000000616877,0.0046234456396721,10032.993361496192,18.278999284222856,6.0
722,0.23728052384059967,2152.9036638774774,0.0010000000001799156,0.0016734059897390095,10052.662705870054,34.24878983950028,7.0
723,0.15110420577073597,2065.000000019848,0.0010000000000406602,0.0012105020070299465,9966.268825977982,16.339920313782027,6.0
724,0.10709426459454738,2065.000000000261,0.001000000000002074,0.005950591283725406,9878.100513936004,15.15981933976983,6.0
725,0.14564945790071648,2065.000001069612,0.0010000000060621883,0.002493220546279673,9957.695144867354,16.19990294483399,6.0
726,0.21928218056819807,2065.0000000022965,0.0010000000000559698,0.004308647818814131,10028.930537548204,17.96975360916849,6.0
727,0.23555168268560375,2141.452384470681,0.0010000000002868305,0.003519410665655605,10050.22030907943,33.14934080445858,7.0
728,0.22556787208338797,2114.299341557707,0.0010000000003374373,0.008228932427281056,10035.83818280273,29.17784466537992,7.0
729,0.22419367629095052,2065.0000000041705,0.0010000000014474563,0.0017008419433547143,10030.666696193797,18.079671006439323,6.0
730,0.23150727443425953,2132.9693002711615,0.0010000000006556522,0.009242943627773524,10046.96810701483,32.08728083479957,7.0
731,0.1646128283235903,2065.000000024642,0.00100000000031167,0.004010421962366662,9984.99173848105,16.67991581716966,6.0
732,0.23616720566974775,2149.032885443989,0.0010000000019683073,0.0036480753288579432,10051.928202059218,33.86867479482816,7.0
733,0.22909617544455463,2126.63171117753,0.001000000000531476,0.0040449282142570285,10043.716789830776,31.248756699230274,7.0
734,0.2409997014566552,2172.5731878847305,0.0010000000053020442,0.006238053175022159,10054.600413481905,35.856039027251946,7.0
735,0.24048204688827401,2168.26119774804,0.0010000000000016107,0.005616019542636757,10054.370707895476,35.54791251404671,7.0
736,0.24250938510799738,2180.615087559406,0.0010000000031152856,0.001090053662488931,10054.85291437294,36.42323876049057,7.0
737,0.23533473742419203,2147.6483888862635,0.0010000000624292577,0.004985839942957558,10051.581577614794,33.70697395172228,7.0
738,0.2307465176692859,2121.3358006387984,0.0010000000000143317,0.0030069513198936774,10042.361556631422,30.38226064641688,7.0
739,0.2364363649768098,2065.0000000015993,0.0010000000003299167,0.006570700060378136,10033.563823022738,18.34985105473013,6.0
740,0.18768054122685154,2065.000000008295,0.001000000000141738,0.0020448413633551857,10009.35894978015,17.239931205592,6.0
741,0.17601853650981544,2065.0000034799323,0.0010000001964770124,0.002723021674216943,9998.182479093313,16.959909801444255,6.0
742,0.2365763631997091,2149.6987783872355,0.0010000000016283312,0.004872075872384619,10052.086136646678,33.94615617794142,7.0
743,0.24192955398143282,2065.0000000007653,0.0010000000000000683,0.004245814431298208,10034.218067660495,18.469371704044715,6.0
744,0.22711426439222085,2119.4225286799083,0.0010000000000864831,0.00867127842015747,10040.301001314374,29.96763471752781,7.0
745,0.23711851322348493,2153.821045421081,0.0010000000110795782,0.0037018932303880276,10052.780215373383,34.31492098171208,7.0
746,0.2428171504060512,2120.5503434170505,0.0010000000069405163,0.0017702837321666469,10043.124122794852,30.80739611736662,7.0
747,0.13869771629415956,2065.000001196887,0.001000000000094762,0.0012032902561569703,9945.874990657834,16.019065238175216,6.0
748,0.19062422435188722,2065.0000002864494,0.0010000000000395138,0.00789171830723676,10011.827424204337,17.30965784721402,6.0
749,0.2343906758600785,2141.29526151427,0.0010000000000002297,0.0013854519628057906,10050.04006903277,33.07760730230258,7.0
750,0.2313842611112052,2131.231902512787,0.0010000000021430585,0.0026893383289423593,10046.257059575828,31.889598073477444,7.0
751,0.22756565195783035,2114.671969611402,0.001000000004050352,0.006039711722620771,10036.657023801159,29.31809286934749,7.0
752,0.2376190935135138,2157.4708737026904,0.0010000000029988982,0.0023353515118225746,10053.286868392175,34.62707950815922,7.0
753,0.22958904308189215,2121.312008436384,0.0010000000004642719,0.005651034196350465,10042.12286235645,30.327844340865397,7.0
754,0.18555771008187003,2065.0000000407804,0.0010000000002807936,0.001201115693893715,10007.49204954205,17.189412925048728,6.0
755,0.2423604561656972,2065.0000000998143,0.0010000000090794785,0.0013479873154768505,10034.252813679288,18.47870375893072,6.0
756,0.2409413261642038,2169.248002498762,0.0010000000000350553,0.0016668182793362638,10054.442849460274,35.63763419722657,7.0
757,0.23171849198686442,2134.6642882719707,0.001000000000139145,0.004313093920468953,10047.62660722272,32.27943970841069,7.0
758,0.22454437272224514,2113.3754798694986,0.0010000000001310306,0.004609087682487938,10034.7242232416,28.996730385160067,7.0
759,0.13605806230189021,2065.0000000859927,0.0010000000007830056,0.0012828699860352565,9941.115367568902,15.949674369588395,6.0
760,0.23408611441951674,2143.525767182471,0.001000000000135947,0.0030774944359567894,10050.552073664814,33.273363677200166,7.0
761,0.23531591064875457,2147.067516415983,0.001000000000001786,0.003882228466593146,10051.466333257511,33.654946552158904,7.0
762,0.13529489040527531,2065.0000001241933,0.0010000000000927696,0.0031751541716481396,9939.71076392699,15.929536378550242,6.0
763,0.13758618578877682,2065.0000000234854,0.0010000000000648193,0.0016068097772236932,9943.88931196214,15.98989472645082,6.0
764,0.20694051278925432,2065.0000006882638,0.0010000000003611608,0.005429054613224154,10023.060639049483,17.689512594312017,6.0
765,0.22867953251427414,2120.631080598585,0.0010000001403961988,0.006384561756299721,10041.484797016865,30.197994842026453,7.0
766,0.22801668986590443,2120.6377954109585,0.0010000000000810244,0.001329196644244432,10041.345205756534,30.169558637528983,7.0
767,0.1421661162222916,2065.000000183595,0.0010000000003596641,0.0039204366344696056,9951.90005842376,16.109630942925705,6.0
768,0.2315748376180935,2132.0512057927317,0.0010000000000016072,0.002529163460264054,10046.621573131599,31.98973950879362,7.0
769,0.23836493294816172,2158.5754142549827,0.0010000000011503067,0.004597012724574266,10053.466322190478,34.74936965091759,7.0
770,0.2380253532780699,2157.4806528266095,0.001000000000109859,0.0011879652842668195,10053.319711707925,34.64861976487724,7.0
771,0.2417194566655345,2175.530303669032,0.0010000000002416062,0.0014477768636006166,10054.725146581328,36.078579091315866,7.0
772,0.11568953872157248,2065.000000000012,0.0010000000011842658,0.001909371088454874,9898.988006892425,15.399940080647344,6.0
773,0.23415631357142186,2065.0000092129144,0.0010000000016905113,0.0015543349557049688,10033.176170403514,18.29993843397309,6.0
774,0.12078706728334232,2065.0,0.0010000000000726752,0.0024696460789412743,9910.468777705548,15.53998656291439,6.0
775,0.23651272067900564,2152.7651773853654,0.0010000000004566371,0.0020366482238051275,10052.572089799974,34.19867814581493,7.0
776,0.23285016418116428,2132.683306323437,0.0010000000000964903,0.0052110904478035675,10047.073342379545,32.119543533358225,7.0
777,0.15860827643456904,2065.000004732135,0.0010000000943599452,0.005577730976879656,9977.09889182661,16.52994855176972,6.0
778,0.19698551303930442,2065.0000000254763,0.0010000000011259405,0.004259193004244937,10016.693198568111,17.459067658499407,6.0
779,0.2422904692529197,2180.4133508613645,0.0010000000000768747,0.0010701221419332535,10054.846816818263,36.39981959559435,7.0
780,0.23350829800122128,2121.062203549311,0.001000000380256696,0.006965895566783526,10042.643472903224,30.468268791573927,7.0
781,0.22667031181020497,2117.6743798710463,0.0010000000009968433,0.0020572957781949935,10038.906742724295,29.70896855031671,7.0
782,0.22593218258920517,2119.9701453222406,0.0010000000000067876,0.0020505991414056764,10040.397619722966,29.988854301193225,7.0
783,0.22604865100085553,2113.3609411292773,0.0010000000003348212,0.004355199891577099,10035.10616869913,29.058388844984066,7.0
784,0.23780981912058421,2065.000002282096,0.0010000001658283133,0.0012742872958214,10033.76414056911,18.379832403645686,6.0
785,0.2382353457286298,2160.0747803633217,0.0010000000074693208,0.003117981714770445,10053.611961125045,34.85491337127295,7.0
786,0.14913827373447333,2065.0000004985573,0.0010000000008873315,0.001067044062105017,9963.24823268634,16.289643440672222,6.0
787,0.2273697240686618,2120.2428823364485,0.0010000000014475589,0.003515646203927951,10040.931294551956,30.088646108141532,7.0
788,0.16822069090471764,2065.000000022821,0.0010000000000025884,0.004036538028361678,9989.41478195971,16.76916164292892,6.0
789,0.23942066451244753,2165.9679530545036,0.0010000000000469004,0.0018774147642387912,10054.175818342455,35.33689339864341,7.0
790,0.23255177035997932,2135.807053089775,0.0010000000000505715,0.001365186037860973,10048.15356008543,32.43940083138543,7.0
791,0.2313231910600755,2130.185474578533,0.0010000000002663423,0.0044161132249064166,10045.804192550504,31.768523190667292,7.0
792,0.233301165198235,2121.1777063414993,0.0010000000000376151,0.0027286285926726925,10042.68833778962,30.474407107725266,7.0
793,0.24102200086460498,2171.5113739896447,0.001000000000046424,0.007092890216462366,10054.55609273342,35.78941865575904,7.0
794,0.23807080064056513,2155.8382483150967,0.0010000000000115123,0.00409973247143258,10053.125878885123,34.52357843593537,7.0
795,0.22857055026363474,2126.1381266286267,0.001000000001557842,0.003225720822585345,10043.354088732543,31.16486735029454,7.0
796,0.23037331765122246,2131.904795566278,0.0010000000007115743,0.005789579805776532,10046.351009500902,31.916856819767297,7.0
797,0.2312134662345712,2121.2557365999,0.0010000000001335824,0.005222078305762301,10042.394505455835,30.392426645213764,7.0
798,0.23953489695800695,2166.769763503148,0.0010000000013805385,0.0060533432778635005,10054.235072101887,35.39769563349634,7.0
799,0.23702155552066984,2155.8650979490712,0.001000000014285801,0.006321115082335993,10053.043094028233,34.472212056274756,7.0
800,0.23236780844797597,2120.994553602716,0.0010000000000054033,0.00740930315984601,10042.421294942502,30.40900499062808,7.0
801,0.23941719969360756,2165.078526522712,0.0010000000000304635,0.004721238509377947,10054.113285301928,35.275231333942614,7.0
802,0.23495382495840855,2121.0560091366324,0.0010000000000009812,0.0042564218995559695,10042.840857737461,30.531134355892753,7.0
803,0.23392192972807344,2138.9759231512776,0.0010000000041545938,0.01070292916279825,10049.340981136414,32.82807971976965,7.0
804,0.23145777800189243,2126.7962190186367,0.0010000000014935152,0.0015416689847266435,10044.244112479668,31.377415495525508,7.0
805,0.23473792413207206,2121.0083149479865,0.0010000000000000553,0.003310779133556427,10042.7812889983,30.515295470860064,7.0
806,0.10112053607593985,2065.0000000342716,0.0010000000000012987,0.002094035726958046,9862.389798286942,14.989854501197186,6.0
807,0.2354983051830014,2145.2265707088764,0.0010000000000460227,0.01124682361999245,10051.10653124073,33.499149657584425,7.0
808,0.12187983198568234,2065.000012554171,0.001000000000419307,0.001621960915649639,9912.845456976233,15.569790220218103,6.0
809,0.12482959293942708,2065.000001305194,0.0010000000000734124,0.010152131988011142,9919.115630068018,15.649848905149394,6.0
810,0.23745836424553385,2153.877961671613,0.0010000000000944698,0.006137475598211718,10052.817417638174,34.33672668546324,7.0
811,0.23763508610639716,2120.8951891832603,0.0010000000003618852,0.0014924299639007795,10043.035694716553,30.627506208276262,7.0
812,0.23102354479877238,2127.6373872207496,0.0010000000010302774,0.001620193752110811,10044.583745445321,31.458089940566506,7.0
813,0.23054343936293845,2121.312008436384,0.0010000000013301218,0.005651034196350465,10042.308230002236,30.370145832545415,7.0
814,0.11821579081195609,2065.0000015294995,0.0010000000584772925,0.002344276368541792,9904.759514408348,15.469559254381272,6.0
815,0.1379686509177583,2065.0000000669575,0.001000000000085083,0.002812557381150168,9944.575593220765,15.999939967637092,6.0
816,0.23012068432627378,2131.859654423276,0.001000000001089522,0.006754447424222977,10046.285836839932,31.899939830429293,7.0
817,0.2337525991941155,2136.7930387485703,0.0010000000000806152,0.004056719235787079,10048.652190951374,32.599087251394174,7.0
818,0.22667031181020497,2115.841983300497,0.0010000000006606267,0.002071477480385539,10037.44357630011,29.449929655899417,7.0
819,0.23827220526087556,2161.7245117779107,0.0010000000009810657,0.007335409970753128,10053.770034088202,34.977700211144096,7.0
820,0.15780102817403469,2065.000001199927,0.0010000000000406166,0.0031433955076502515,9975.986194567178,16.50964643095565,6.0
821,0.22601154947660154,2115.760851449951,0.001000000000090241,0.003515646203927951,10037.213055557408,29.409887932244178,7.0
822,0.23247874154107423,2136.209586952717,0.0010000000001529,0.004710494514786161,10048.27615269467,32.47773541310759,7.0
823,0.24115697246646378,2173.016724002478,0.001000000000311159,0.005187408941795189,10054.623105212057,35.892427764965454,7.0
824,0.22611969361649692,2113.8708559189413,0.0010000000000229018,0.0031318159287745412,10035.593035412932,29.137782226409847,7.0
825,0.23369974687259443,2065.000000002196,0.0010000000012095858,0.009160663395648933,10033.090297339128,18.289918819476668,6.0
826,0.22543064425435352,2114.012912678355,0.001000000000406677,0.003074445621438217,10035.545372249013,29.129574892275137,7.0
827,0.1830630424796012,2065.0000000669575,0.0010000000007830056,0.0031889359274800467,10005.204018563787,17.129790708401963,6.0
828,0.11244694969329097,2065.0000003687,0.001000000000030071,0.0021201653727395235,9891.338762422281,15.309952122846592,6.0
829,0.22667031181020497,2117.5068294770426,0.0010000000005993207,0.002071477480385539,10038.777877115495,29.685645240063007,7.0
830,0.24510676409616364,2065.000000047026,0.0010000000000467545,0.0031489374967675864,10034.418245049288,18.538033469885296,6.0
831,0.20521884555571557,2065.0000075154758,0.0010000000043005042,0.00506663769350185,10022.065824378144,17.64994736611942,6.0
832,0.23118110716915025,2126.7962190186367,0.0010000000066570608,0.007873037334529565,10044.195931729048,31.364675010326305,7.0
833,0.23646117588128782,2120.8810466833143,0.0010000000009559099,0.01403547128635696,10042.906338886844,30.57410302723002,7.0
834,0.12372492468345073,2065.00000002035,0.0010000000000110181,0.007796579979173581,9916.792154548973,15.619931022415063,6.0
835,0.2420000925313706,2179.4945155764444,0.0010000000000506065,0.012350140171954162,10054.826356892214,36.33080058799837,7.0
836,0.22587637335466182,2117.5453348208343,0.0010000000019657518,0.008020235355707762,10038.611278599394,29.65643871776786,7.0
837,0.23577358562130973,2150.0484774289125,0.0010000000001935939,0.002650782029164276,10052.064601945576,33.935615876397776,7.0
838,0.23445052638491914,2139.430259766046,0.0010000000007940294,0.003940415195868699,10049.540679509975,32.898738846051174,7.0
839,0.12115278406301094,2065.0000000002847,0.0010000000000142716,0.00124328629522218,9911.267460531228,15.54996863308035,6.0
840,0.1315387417956329,2065.0001008628133,0.0010000000008193882,0.007748163866488992,9932.607974996119,15.829941268603253,6.0
841,0.22863909207374442,2121.392187998401,0.00100000000005225,0.0027405526391639703,10041.978337668786,30.29616142879629,7.0
842,0.23805399412169287,2154.653503858754,0.001000000080809357,0.0059522220798599364,10052.970900675651,34.42905409510803,7.0
843,0.23314180868356332,2140.283683030432,0.0010000000004860448,0.010881913758440324,10049.600152443589,32.918902051056634,7.0
844,0.23997121065560903,2170.6815404767995,0.0010000000002522305,0.014261615319533804,10054.47559247338,35.68039870175513,7.0
845,0.16020337962352527,2065.0000000032737,0.0010000000038515014,0.003429460491153848,9979.261493985126,16.5699641177705,6.0
846,0.23255177035997932,2138.229015526798,0.0010000000000395645,0.0017362212757909316,10048.92322430561,32.68717224642961,7.0
847,0.2095649185613536,2065.0000000682658,0.0010000000093448608,0.006636399440614352,10024.493013692207,17.749599614362445,6.0
848,0.23013365629544702,2126.555779627108,0.0010000000000282847,0.005991392177907254,10043.882502412454,31.287412987881858,7.0
849,0.10321677560274269,2065.0000047255867,0.001000000000218039,0.00251993232002999,9868.018326604155,15.0497941302335,6.0
850,0.23866129348310738,2160.1793423228496,0.0010000000016838742,0.004428641168720555,10053.65176992012,34.88459634171048,7.0
851,0.23845817413665604,2160.111374401149,0.0010000000068933776,0.0042739598731646065,10053.631302893045,34.8691016145104,7.0
852,0.11931626914421592,2065.0000000174095,0.001000000000211245,0.006037523312555025,9907.223259401055,15.499754094893856,6.0
853,0.2401899647495267,2168.665792692831,0.0010000000001608416,0.0012777186175851705,10054.381149435696,35.55956871533072,7.0
854,0.22667031181020497,2119.6235442720786,0.0010000000005993207,0.0018968987677908276,10040.337255394697,29.97511200746379,7.0
855,0.16783703704260233,2065.0000000006903,0.0010000000000041894,0.0020508959349359182,9988.955628554213,16.75970165844898,6.0
856,0.16260053995421167,2065.0000000014734,0.0010000000000304479,0.011598231696978484,9982.421466708667,16.629859437895,6.0
857,0.23723468688295093,2153.2529114208037,0.0010000000000259083,0.00940080388680526,10052.70959879449,34.274885035183836,7.0
858,0.11424679594882142,2065.0000000192763,0.001000000000384735,0.001973516653579185,9895.618416525247,15.359989227020435,6.0
859,0.10745229871874683,2065.0000001594935,0.0010000000000806438,0.01215985560942892,9879.010310559182,15.169924373202011,6.0
860,0.16501615106146592,2065.0000000025484,0.0010000000001891384,0.0038991556975112476,9985.49794164763,16.689924388456646,6.0
861,0.22938505892537236,2121.312008436384,0.0010000000028222039,0.004882305846610344,10042.081660427371,30.318797394140557,7.0
862,0.21967531308438448,2065.0000002947572,0.0010000000000949015,0.00140094949409259,10029.081863895006,17.97858487268613,6.0
863,0.11532939105006593,2065.0000014308257,0.0010000000001754573,0.010834840830990764,9898.151905109307,15.389980706595246,6.0
864,0.20175380875001103,2065.000000161289,0.0010000000000650103,0.005201273877328045,10019.929743843917,17.569951266120633,6.0
865,0.14486119312765158,2065.0000000578893,0.001000000000469283,0.0013020429866229678,9956.40588870343,16.179533886203277,6.0
866,0.23296678268235566,2135.8051777030355,0.0010000000000725097,0.01118768489754355,10048.215727238683,32.45906905303092,7.0
867,0.22447591985741763,2116.1485813144664,0.0010000000000934984,0.00822461471857435,10037.131697131832,29.39907861451343,7.0
868,0.14875084672259364,2065.000000531328,0.0010000000000095486,0.007796625412505679,9962.643797925015,16.27971071472877,6.0
869,0.16987765176348146,2065.000000050773,0.001000000000390047,0.009172166608638706,9991.36755168145,16.809936374900484,6.0
870,0.1522667060327215,2065.0000000067066,0.001000000000043492,0.0018462460951755378,9968.018684307313,16.36955267805749,6.0
871,0.2433963969491703,2185.29097024091,0.0010000001140566188,0.006392422752868281,10054.900070192256,36.73406093412259,7.0
872,0.23602381525971522,2148.4228251288605,0.0010000000000008767,0.0031140613303129398,10051.802437203132,33.80883215118415,7.0
873,0.23236780844797597,2134.9407826792576,0.0010000000000030922,0.00740930315984601,10047.828428348415,32.339679120815525,7.0
874,0.2330137598798388,2121.1514847292274,0.0010000000003438495,0.0035191223700429663,10042.627186190975,30.45825873673623,7.0
875,0.23429699543100455,2142.9035370568645,0.0010000000013570412,0.002779661490962375,10050.431360692124,33.225670074579924,7.0
876,0.2281656750941114,2121.176190594048,0.0010000000000138238,0.0015377440575141648,10041.735040914104,30.246926598554992,7.0
877,0.24421385503163112,2065.0000000066507,0.0010000000090775853,0.0013527468286797604,10034.375063428164,18.51877131655186,6.0
878,0.2307118216453221,2121.2474421445077,0.0010000000000020973,0.008262112862132362,10042.297656665869,30.36913247013557,7.0
879,0.24189544619416903,2175.585293376084,0.001000000000254228,0.002204179860215585,10054.730743698277,36.091312739178846,7.0
880,0.1710946584851459,2065.0000000182845,0.001000000017691195,0.005356968481358139,9992.77069389858,16.839800389217714,6.0
881,0.23884973700189338,2120.7891693516567,0.0010000000967730692,0.0074267235321026,10043.070988277452,30.66650539190566,7.0
882,0.23392658189830526,2141.8485868610273,0.0010000000005615907,0.012043940898068064,10050.12160288158,33.10785085390355,7.0
883,0.23132190687937207,2131.61503427697,0.0010000000000086782,0.004313093920468953,10046.40320861424,31.92943872263941,7.0
884,0.11100951541962353,2065.0000072214602,0.0010000000035563067,0.001634794185766411,9887.859436280249,15.26983235430422,6.0
885,0.23824687221714913,2065.000000142656,0.0010000000000028309,0.014250043599853844,10033.822924140846,18.389358444379006,6.0
886,0.2433963969491703,2184.230033747679,0.0010000000749749345,0.006392422752868281,10054.895411162426,36.67558545969046,7.0
887,0.22978951755008498,2121.392187998401,0.0010000000000033847,0.0016392803212582144,10042.214856459957,30.347222414113595,7.0
888,0.12890505590919243,2065.000000000009,0.0010000000000038015,0.005801067014519717,9927.436718310304,15.759562341206385,6.0
889,0.23103404078130274,2130.555416170255,0.001000000001492448,0.0014751675502145969,10045.912537912742,31.796989861535405,7.0
890,0.13644661929037596,2065.000000002271,0.0010000000001838863,0.002164293609924362,9941.825561367343,15.959914153541625,6.0
891,0.22743954251664839,2118.1247877227242,0.0010000000000063374,0.007829021763436585,10039.430229166499,29.804896543056508,7.0
892,0.13835160170224442,2065.000000104224,0.001000000000004193,0.0010179017985850521,9945.259557065261,16.009989462908116,6.0
893,0.24137718276814768,2175.533537722321,0.001000000001316039,0.006042195239023566,10054.716437654128,36.06055914135867,7.0
894,0.18264687761416604,2065.0000000070777,0.0010000000000024859,0.0015793010555040408,10004.812342016812,17.1198173436301,6.0
895,0.24054460816427048,2065.0000000094938,0.0010000000004680956,0.004795213118966002,10034.090116238407,18.43933537696309,6.0
896,0.23937447805056933,2166.5635467212005,0.001000000000027747,0.0047485146271612905,10054.212947799091,35.375257759112785,7.0
897,0.23427235575729724,2142.19047438928,0.0010000000091814117,0.0069870917111919395,10050.253093708398,33.15724716757722,7.0
898,0.23629738113936632,2148.0397347712615,0.0010000000000167147,0.007229777445633991,10051.75902817954,33.78915553336281,7.0
899,0.23947397458700306,2163.380020224581,0.001000000000028158,0.008642839526415994,10053.986742117424,35.158785909219894,7.0
900,0.23640185737496947,2120.947232394413,0.001000000000029649,0.004613319075056686,10042.943386458208,30.58033302799683,7.0
901,0.14604059996226287,2065.0000000009295,0.001000000000022292,0.00726943872788185,9958.330126182154,16.209997059452206,6.0
902,0.14023645631654338,2065.0000000480704,0.0010000000000045495,0.0015838133415699946,9948.579756289768,16.059328980873627,6.0
903,0.23223111744609695,2135.5576132512283,0.0010000000001717832,0.007811975864064967,10048.01926184146,32.39800367875536,7.0
904,0.14449136096318382,2065.0000001021413,0.001000000006799051,0.001503981287032466,9955.796555174546,16.169965509583296,6.0
905,0.24181175055312543,2176.338564994153,0.001000000022336838,0.006839123406116891,10054.750576207742,36.13277412507136,7.0
906,0.225637507554144,2113.6859755818655,0.0010000000000016589,0.007784612215176512,10035.301399529519,29.089679638378794,7.0
907,0.13191047294010244,2065.000000003005,0.0010000000000446043,0.003421887906343544,9933.325193581983,15.83981470496989,6.0
908,0.23331866077455427,2136.501494667507,0.001000000000000209,0.0010626355704552205,10048.497041343426,32.548212256370086,7.0
909,0.12335716782794359,2065.0000000231644,0.001000000000187077,0.0014867672532553782,9916.012114825677,15.609953935166544,6.0
910,0.23255177035997932,2138.842995910024,0.0010000000000395645,0.002908645892546748,10049.105186649434,32.74850840164846,7.0
911,0.23955589122524468,2165.078526522712,0.0010000000000304635,0.003703602736471746,10054.12085732731,35.282457161104205,7.0
912,0.10780863667022318,2065.000000131603,0.0010000000000551035,0.002443487928088969,9879.912292014527,15.179972454149073,6.0
913,0.22239584032013462,2065.0000031041554,0.0010000000005614632,0.007801178712051266,10030.069986968258,18.039540620469303,6.0
914,0.1307900169617214,2065.0000004080352,0.001000000000024346,0.005585173056265444,9931.154134489934,15.809959929650683,6.0
915,0.10147086426976872,2065.000000064393,0.0010000000000128793,0.002106953682501003,9863.339284430574,14.999894185165603,6.0
916,0.16703800603348062,2065.000001199927,0.0010000000000408456,0.006406382771160588,9987.990849254951,16.739976756663527,6.0
917,0.15540083154125983,2065.0000010880076,0.001000000000535637,0.001032869140575901,9972.60376319288,16.44908560732578,6.0
918,0.14332260047221107,2065.00000001037,0.0010000000000145942,0.003192781035091424,9953.852197220407,16.139676851821,6.0
919,0.22740840741512955,2116.737072924325,0.0010000000094737027,0.010579856974873111,10038.348440249378,29.609517450648468,7.0
920,0.23003700844911454,2121.2488136478055,0.0010000000062684838,0.012031384611461016,10042.17023566306,30.33942365992282,7.0
921,0.2376190935135138,2156.722440835169,0.0010000000029988982,0.004031398616994569,10053.199049823812,34.5694329253087,7.0
922,0.1300385801976431,2065.0000000005903,0.0010000000019323304,0.0024941011710992787,9929.682010073288,15.789894944984717,6.0
923,0.1953066223150689,2065.0000000635637,0.0010000000000181832,0.001046900459975636,10015.470475529215,17.4198013257051,6.0
924,0.20342898065660192,2065.0000009136243,0.0010000000000113562,0.003938003301232746,10020.984900864682,17.608685259173946,6.0
925,0.22650722394052547,2117.944108722731,0.0010000000000052324,0.0049970617404565786,10039.072593410465,29.739248376570465,7.0
926,0.10042678569721745,2065.0000000047835,0.0010000000000040153,0.005229440368706246,9860.498996550708,14.969946103723116,6.0
927,0.23827220526087556,2159.4416346927774,0.0010000000002172648,0.006449737051114052,10053.550832928782,34.80970762686194,7.0
928,0.16581174424835282,2065.0000032062235,0.001000000000052839,0.0025587629248069073,9986.487759570446,16.70964449577641,6.0
929,0.23041863919470998,2130.7300857707755,0.0010000000000073902,0.0065056068723832305,10045.8756473221,31.78784485998829,7.0
930,0.16944329401333955,2065.00000000143,0.0010000000000960035,0.004955382451044493,9990.860389309046,16.799260456671607,6.0
931,0.23373879342623427,2141.7469075426698,0.00100000000000207,0.008641756594423136,10050.070383093662,33.088979381084194,7.0
932,0.2381462216464635,2159.7195868561844,0.0010000000002670542,0.008306488038446944,10053.569994108584,34.82395189087069,7.0
933,0.23629738113936632,2147.651447349945,0.0010000000000108316,0.007229777445633991,10051.685278969697,33.75518428883086,7.0
934,0.22731930486172067,2120.9518317512225,0.001000000000002532,0.003297391701372435,10041.39640870472,30.179981177955014,7.0
935,0.22550843501066675,2115.6848278122643,0.0010000000009344997,0.004808267577119076,10037.021041526767,29.37727752383986,7.0
936,0.23744523805605597,2152.9036638774774,0.0010000000001687713,0.0021161657695901105,10052.676758176585,34.257114232182055,7.0
937,0.23280962296447033,2132.1432590397153,0.001000000000195336,0.0019203241038869333,10046.856016960217,32.05814001787548,7.0
938,0.23359836949063292,2140.5698242037697,0.001000000000008517,0.005056573129412333,10049.742428648673,32.96894181479939,7.0
939,0.19020693366554925,2065.0000000035175,0.001000000000016814,0.004183959203321739,10011.485937210717,17.299796336348912,6.0
940,0.22808170873972236,2118.164424524976,0.0010000000118379083,0.0036725154477343378,10039.605583628034,29.83838782576932,7.0
941,0.2325712133153575,2136.270673861044,0.0010000000000634662,0.006404013881250433,10048.310519002605,32.48849568380739,7.0
942,0.228695621288931,2065.0000001988506,0.0010000000030829551,0.003587474678323204,10031.966636683686,18.179645715320643,6.0
943,0.23918565610235748,2162.3002565995203,0.0010000000005883438,0.014159185232335772,10053.880178443522,35.06657291146598,7.0
944,0.2446350656702429,2065.000000375556,0.0010000000007001795,0.001711548155792355,10034.396707998085,18.52786124573584,6.0
945,0.2355888628454789,2120.9823567998574,0.0010000000011307182,0.006015908262011733,10042.8721898632,30.5492825827895,7.0
946,0.13303065071050862,2065.000000004284,0.0010000000123704886,0.0011303354518975009,9935.467186850734,15.869586547137159,6.0
947,0.2432632886222636,2183.5983289415503,0.001000000000039248,0.0081751426775635,10054.891254290518,36.633242329119426,7.0
948,0.1723183355707259,2065.000000984387,0.0010000000000089438,0.003029282996392229,9994.155198263597,16.86975693256563,6.0
949,0.22737637803181027,2117.5973368398054,0.001000000000266816,0.0024813333908310733,10039.014987285602,29.728983002351963,7.0
950,0.22683919463375493,2120.0429312642095,0.0010000000000217205,0.0028889872898283106,10040.669595714773,30.03861549574391,7.0
951,0.19271722808338215,2065.000032483188,0.0010000000000851112,0.005924994907889829,10013.498477744983,17.359015204877664,6.0
952,0.22548591747667013,2115.766786531243,0.0010000000000022324,0.004292711014514373,10037.083790341989,29.38809080195176,7.0
953,0.10007320020120895,2065.000000002307,0.001000000000000017,0.0010485436653678713,9859.529892536688,14.959785518844278,6.0
954,0.22760942266975065,2118.164424524976,0.0010000000000270801,0.0024478885000662194,10039.499023493907,29.817781126293724,7.0
955,0.23359836949063292,2139.0061521432012,0.001000000000008517,0.002710248066854634,10049.305441561608,32.81542000365263,7.0
956,0.22601154947660154,2112.813060583452,0.001000000000090241,0.005662896727953327,10034.58069413579,28.973931785103048,7.0
957,0.23593915823420528,2147.4424060998554,0.0010000000117086389,0.0013760361793795136,10051.608021942055,33.718993003602435,7.0
958,0.21528858728542427,2065.000003411037,0.0010000000000001668,0.009039017664248838,10027.269965662694,17.879713642721796,6.0
959,0.23448179946938347,2139.184496786147,0.0010000000013379471,0.004617707829486968,10049.474536844558,32.87590707813416,7.0
960,0.24250938510799738,2181.216874381496,0.0010000000031152856,0.001090053662488931,10054.86143192745,36.45786425100603,7.0
961,0.22667031181020497,2117.025930198624,0.0010000000005993207,0.002071477480385539,10038.402608190328,29.618302163297063,7.0
962,0.23010802398632457,2126.089609024308,0.0010000000005982398,0.0024914176571803133,10043.637699180794,31.22968289052818,7.0
963,0.22468785742643294,2113.6784349799573,0.0010000000137281092,0.00413448965495483,10035.043253014617,29.048157856377323,7.0
964,0.12225477211832456,2065.0000000003724,0.0010000000000136295,0.0042837642875597605,9913.654187178956,15.579994705616022,6.0
965,0.24052615738284966,2171.593790908186,0.0010000000000187756,0.0049019953749784104,10054.541636908234,35.768522125396466,7.0
966,0.2305044676443151,2129.977994596071,0.0010000000000192236,0.007653755679253695,10045.568148996219,31.706551790101884,7.0
967,0.2304474443737184,2129.156960923366,0.0010000000008473554,0.00603919355840428,10045.192102525027,31.6095264978202,7.0
968,0.15621969027703989,2065.0000001567655,0.0010000000599933007,0.001818120655163116,9973.770132067111,16.469780107714172,6.0
969,0.24190009808569238,2178.507035792036,0.0010000000001814428,0.003537616884219906,10054.80505691525,36.26738588519456,7.0
970,0.23773634086494136,2120.8951891832603,0.0010000000000010545,0.0021448039317392,10043.045206802642,30.631946474513715,7.0
971,0.16379151890839858,2065.000000264385,0.0010000000000783672,0.003218140898832226,9983.95170354175,16.65950988751607,6.0
972,0.2327840780882215,2136.456209229492,0.0010000000028678134,0.0015828533533318759,10048.403615500756,32.51788775772986,7.0
973,0.16904919403146715,2065.00000271342,0.0010000000070967767,0.0015100337944121875,9990.397313388605,16.78956682468336,6.0
974,0.23325813693232134,2137.1009425069137,0.0010000000067929588,0.00533430656001772,10048.680458367187,32.60691842461903,7.0
975,0.22512415490087145,2114.299341557707,0.0010000000000654505,0.008064374769377295,10035.722074544185,29.158896276573817,7.0
976,0.15463501325105772,2065.0000000174095,0.0010000000001015993,0.006037523312555025,9971.50113081164,16.42969940533405,6.0
977,0.2361817825373231,2147.8257200804414,0.001000000000041532,0.004909413247665343,10051.706823873641,33.764697170354474,7.0
978,0.162187868622168,2065.000065375265,0.0010000000000616877,0.008654181372454273,9981.885045918978,16.61958503238881,6.0
979,0.23203106983359825,2137.3151087813703,0.0010000000013729046,0.0010255255720043807,10048.561012136157,32.56969602725298,7.0
980,0.2266344698847733,2120.5503434170505,0.0010000000285294226,0.004316272791828515,10040.96650191793,30.096812495986015,7.0
981,0.2297576610196474,2126.7962190186367,0.0010000000066570608,0.007875139259588581,10043.93195086849,31.299065826698218,7.0
982,0.22891153295029068,2119.8598132403886,0.0010000000000092272,0.01173703609954304,10041.007797039529,30.105511456136338,7.0
983,0.2430170234746029,2120.5512689472434,0.0010000000000001893,0.003234839576522503,10043.130063698316,30.816220869790964,7.0
984,0.22538952670555992,2113.6784349799573,0.0010000000005769933,0.004197564092566173,10035.230068440207,29.07800861967163,7.0
985,0.2337525991941155,2137.7778912501117,0.0010000000000276244,0.0054059389774828714,10048.960812940017,32.69963463352156,7.0
986,0.23107515914714025,2131.270962994791,0.0010000000000027257,0.005773133959090436,10046.21958029889,31.879435474754427,7.0
987,0.18053234167441168,2065.000000007842,0.0010000000000213432,0.001542788125672434,10002.777735730488,17.069022087596153,6.0
988,0.24180262949773326,2178.1734667352866,0.001000000000020754,0.003497699657167721,10054.795817228944,36.24240743288522,7.0
989,0.14993268379074315,2065.00000005768,0.0010000000000643632,0.0010244922607809354,9964.478152253365,16.309984756107422,6.0
990,0.22151461647507825,2065.000000758329,0.0010000000000153083,0.0038916915582384755,10029.761189828816,18.019825768310355,6.0
991,0.17972641073369278,2065.000000439972,0.0010000000021307461,0.0010645014620589773,10001.982582451046,17.04960880917565,6.0
992,0.2407037650230177,2172.168618470035,0.00100000002518326,0.011476828199439897,10054.573238574827,35.81466156368333,7.0
993,0.22801668986590443,2119.6973073959243,0.001000000000081626,0.0022761061837108707,10040.700848121049,30.044310951853976,7.0
994,0.10461193277567703,2065.000000007405,0.0010000000004162463,0.008538475096546387,9871.694708122495,15.089506786105948,6.0
995,0.16178480019482128,2065.0000001593376,0.001000000000074605,0.003396545605229156,9981.358188193502,16.609509975406695,6.0
996,0.18515175186149382,2065.0000000442637,0.0010000000000009918,0.0019048989654457424,10007.126676140439,17.179729440404525,6.0
997,0.23103404078130274,2132.9685128127085,0.001000000001492448,0.001777874684220806,10046.88633598473,32.06477565675787,7.0
998,0.23150727443425953,2130.8719803974127,0.0010000000000413597,0.0012455935894049258,10046.128240660559,31.85493987006399,7.0
999,0.23912302716337133,2163.271426636882,0.0010000000000000666,0.007926840782535225,10053.95779210421,35.1328550342087,7.0
1000,0.14720480727314647,2065.000000014917,0.001000000000019948,0.0024362362199516923,9960.201471350256,16.239992343156455,6.0
1001,0.13115363902674326,2065.0000000407804,0.0010000000002632645,0.0020435877288582905,9931.861849985782,15.819656982865132,6.0
1002,0.2346650029501583,2144.236276753155,0.0010000000000043277,0.001134227375706429,10050.7894820456,33.36753437891609,7.0
1003,0.2318320121846303,2121.2488136478055,0.0010000000016803393,0.012918960674890456,10042.498140434873,30.418878936141095,7.0
1004,0.22601154947660154,2116.3739582484504,0.0010000000000102032,0.004867138131243909,10037.718091532732,29.497564145365395,7.0
1005,0.23605915478203074,2146.253293849478,0.0010000000000824415,0.004357233411513439,10051.383368786208,33.61945247876862,7.0
1006,0.23275903034265294,2137.8573873666924,0.0010000000042362455,0.002902549953165032,10048.842057508233,32.659763991024676,7.0
1007,0.15940352390223872,2065.000000019842,0.0010000000000166508,0.003699814256708392,9978.183134575514,16.54991419668203,6.0
1008,0.23709249010832323,2151.1775000566054,0.00100000000000477,0.01455759099805604,10052.380840053349,34.0968321303024,7.0
1009,0.2004574407331694,2065.0000000012947,0.0010000000000815528,0.005821552832544678,10019.084118200997,17.539897739695014,6.0
1010,0.238259330304881,2160.6636467655935,0.001000000004442795,0.0033954726235799534,10053.67092565292,34.89960246862243,7.0
1011,0.22651438088139345,2115.995055667853,0.0010000000000053562,0.0049970617404565786,10037.532439405795,29.465185034673866,7.0
1012,0.2390849766016358,2167.2566165571648,0.0010000000000089456,0.004445836551223021,10054.240501925859,35.40715265293075,7.0
1013,0.23762842899418654,2155.8196903487783,0.0010000000000423294,0.009195226816373171,10053.088967187448,34.49958858881471,7.0
1014,0.23506040492202232,2065.000000078178,0.0010000000008244438,0.0023779735848314743,10033.33810204572,18.319750064365987,6.0
1015,0.1847249706783703,2065.000001199927,0.001000000000034263,0.00655497468893688,10006.739651739266,17.169541668208236,6.0
1016,0.23275903034265294,2141.21232172523,0.0010000000000191065,0.005238270337750615,10049.792317366959,32.989965453916334,7.0
1017,0.177257698626875,2065.0000000023197,0.0010000000007490408,0.005838557937033208,9999.478636611411,16.989956947831114,6.0
1018,0.12151492995746643,2065.000000000208,0.0010000000000771837,0.008396807647169777,9912.055097627497,15.55984471939524,6.0
1019,0.23076012378308255,2128.0080566544434,0.0010000000000001594,0.002296751341748615,10044.714812361382,31.489792135535506,7.0
1020,0.2422904692529197,2178.476766916856,0.0010000000004012713,0.004368213654649021,10054.811491723736,36.28648717523928,7.0
1021,0.12041445633338413,2065.000000981953,0.0010000000000294368,0.008093414558412428,9909.651639126228,15.529807626149237,6.0
1022,0.17150305161000107,2065.0000001132225,0.0010000000000715773,0.0017897187209796194,9993.235703841976,16.849806042706106,6.0
1023,0.22758446298276708,2121.14322513407,0.0010000000001766424,0.002560194662232765,10041.583405866539,30.21681317645017,7.0
1024,0.2175114509508212,2065.000000051524,0.0010000000000004792,0.0014911398103236743,10028.222044580525,17.929904619042034,6.0
1025,0.23489790904969632,2121.0081381647383,0.0010000000000021305,0.0031338912385394297,10042.802193784593,30.522314060683602,7.0
1026,0.23559826985802731,2147.7401891522622,0.001000000001229163,0.010707726739431897,10051.62864013759,33.72814212195622,7.0
1027,0.23923910861208422,2167.61343317678,0.0010000000000078362,0.0010008325836856193,10054.271400760983,35.43928814204514,7.0
1028,0.197410608205907,2065.0000006681557,0.0010000000000406322,0.006005588993058133,10016.995874981669,17.468991351820637,6.0
1029,0.11460511277375028,2065.0000003137443,0.0010000000000964862,0.004601586301475973,9896.460314259471,15.36992451444234,6.0
1030,0.11137082308782914,2065.0000000706195,0.0010000000004913353,0.0024950379839863293,9888.73916417993,15.279928924982318,6.0
1031,0.21574190909078403,2065.000032075164,0.0010000000000571897,0.0018652078886717185,10027.469786767278,17.889972570991976,6.0
1032,0.236027375021678,2148.9587662534827,0.0010000000005049145,0.005308672087751196,10051.900500241933,33.85530726291903,7.0
1033,0.23396584122905717,2121.0560091366324,0.0010000000000096117,0.009668745601766882,10042.706412052374,30.487617462854104,7.0
1034,0.17271186571748387,2065.000000118825,0.0010000000000027136,0.0017096280484371461,9994.594857742159,16.87937541935501,6.0
1035,0.2359825350709363,2148.6893895682456,0.0010000000287134897,0.008593898130730578,10051.847017347402,33.82984158779833,7.0
1036,0.22668790836056482,2115.0023724036632,0.0010000000007647897,0.0030579542408904173,10036.736228051404,29.32900659998481,7.0
1037,0.1839062772183714,2065.000000303789,0.0010000000000001666,0.001182798616356419,10005.98885962178,17.149975010459997,6.0
1038,0.2277265886546301,2116.772757445384,0.0010000000002511808,0.007058597309664399,10038.450155447863,29.628338762807683,7.0
1039,0.23012068432627378,2127.6373872207496,0.0010000000007058401,0.0016175493498952235,10044.417886601628,31.4163097561071,7.0
1040,0.23716574428376974,2153.9729033714807,0.0010000000003216095,0.004451646878022461,10052.805571400237,34.329527189767816,7.0
1041,0.16541821334744772,2065.000000135291,0.00100000000000809,0.008570188724042057,9985.999602442695,16.699893712709585,6.0
1042,0.22651936118679547,2114.3767244985397,0.00100000000000816,0.011686179155885074,10036.14700218201,29.22988655620288,7.0
1043,0.1629841598511595,2065.0000000230157,0.0010000000000167859,0.0010015496585023419,9982.917226565403,16.639417710791808,6.0
1044,0.10851171916932839,2065.000000027158,0.0010000000000027734,0.0035772136412207042,9881.681755669022,15.199771725240128,6.0
1045,0.10216894288256291,2065.000000043731,0.00100000000035737,0.0015353759511432898,9865.220668045322,15.019872549235936,6.0
1046,0.14681411972402644,2065.0000000031537,0.0010000000000175487,0.00160923230155059,9959.576578932123,16.22993475971052,6.0
1047,0.132289089300631,2065.0000011611946,0.0010000000013461242,0.0010700615515498346,9934.052359936957,15.849886184864385,6.0
1048,0.23709249010832323,2154.5065230972946,0.0010000000000241,0.013841625705404342,10052.87227066826,34.36851645954969,7.0
1049,0.2316289252940683,2130.7660754672424,0.0010000000003191776,0.006405814148054502,10046.104273033663,31.84870060601111,7.0
1050,0.23238590392095337,2134.0806998654716,0.0010000000201037433,0.003025473616751613,10047.525082737851,32.249024076116264,7.0
1051,0.1131543359352679,2065.000000000011,0.0010000000001667236,0.00585367732249629,9893.030914802544,15.329644296371047,6.0
1052,0.24650692621589462,2065.000001199927,0.0010000000000408456,0.0136897184337739,10034.46544672587,18.56818501449916,6.0
1053,0.2401899647495267,2169.227749162524,0.0010000000000185587,0.0035968143604854026,10054.411920123388,35.59680847335622,7.0
1054,0.10568516894742234,2065.000000000481,0.0010000000000143139,0.0018041968607301064,9874.48537939326,15.11996076229863,6.0
